ΙΝΒΕΧ. 808

8, 0. 18,0; 11. 1, 8), 17011111411 04.11.7,88. 1.11,1111111.1.11,11

Ρ. 100, 880, 880 184, 817 111 811, 118
sabula Od. 1. 4, 10 11111 04. 1. 88, 87, 111.18,10.1111 04. 11818. 111111
tabutata 0111180 811188 11111 01111. 88, 80. 811. 8,
8111111101.1.11,1 ’ 11111111 811178 87
1111 04. 1110, 14. 11, 88; 11. fecibus P. 877 111111 8. tw

0, 88 1111111011 8. 1180 = 111111 S. ii. 8, 880
facem 04.11. 1888 11111 0111. 81, 0. Ep. 8, 11. 111 04.1. 18, 10, 1110, 0, 18;
111111 04. 111. 8848. 81. 0, 81. 8188 11180, 08; 11. tm. 11118,

18. 111111111811.111111101.111.1,11. 8.11. 4, 87. Ρ.800 ¹

moe 88 111111 ott. 18, 88. 1111110,
1111111118. 1. 4, 188. 10, 8181111111 04118810 .. 881881
..111111 1111111111111111111111....
smeret S. 1. 8, 8. 1111111, 84;11.8,118. ΕρΙ.1.14,84.11111111181.8,18

18. Ρ. 808 18, 01 111118111 8. 11,. 8888
11111111 8. 1. 10, 44 81111111 04. 11. 0,Ιο 11111411 11 ,18, 18. 8. 11.8, 14.
11111111 S. 1. 880. 4, 7. 8111. Falerno 811810. 4,10,84 4, 78. 11111888, 11. 1,

1. 0, 88 Paternum 811810 818
1111111 01111. w, 8. 8.1. 1, 1111111111 81. 6:11³ 1110411111 Bp. 8, 78

le. 8, 08187. 4,187. 0, 40, 11111111 04.1.8, 18 1111141111 11 .17. 70

41; 11. 1,8. 84, 87. 11,1.11.11111111.11,11. 1111111111111111111111111

8, 87 187. 1.487 811111111101111.1,17
1111111 8. 14, 78 111111 04. 11184,οθ 1111141111 8. 1. 8, 44. 111118,
111111 S. i. 1. 08. 888118001104.111.7,80 11

10, 88 ; 11.8,177, 888. 814. 11111 04. 111. 11, 40. 1111. 18, 1111141111 291. 1. 17, 18

Ept. i. 1, 68. 1181118100 81 11111411 8. 1. 8, 118. ttpt. 1.
111111 8. 1. 8, 108 1111111411 11 apt. 110, 84 14,8
11111111 81. 4, 88 11111111 ,11.8, 18 1111141101111. 1,88. 1111111.
11111 8.1. 0, 88; 11. 4, 71 1111111111 11111848. Bpt. 1. 18, 1, 88
1111111 011. 11. 8, 14. 10, 8. 108 11184111181.4,18

8. i. 8, 04. 8, 08, 11880 8111101111, 10; 111. 14,80, 111111 0111. 18, 18
11111141 8. 110, 88 11. 4, 88. 8118114. Epi. 111111 04111. 17,41111. 14, 4.
1ι111ἔ11ἀο811110,70 {⁸¹65OE 81113, 11²· Ε 11111 ¹¹⁴8
1111111 8. 1. 4, 188; 11. 0, 48 stum« 04118, 88; 11. 0, 10 tastu E 1118,
taient· Ept. 11. ms 1111111111ρ1.1.18,71 11111111 1 1. 0, 08 “ ..
facientibus Epl. i. 1,08 111111 04. 111. 10, 88. 17, 18.111104.1.18,8. 84,17; 11. 18,
111111, nom, 04. 11. 18, 88. 8118, 80 10;111.8,87. 0, 18, 10. 11,

8. 1. 8, 87, 114, 18 111111 Ρ. 48 88 ; iv. 8, 08. 18, 88. Ep. 7,
111111,1111,8.1.0,88. 1,1.1.1111111111.ῑ.1,11 17. mot. (1888

1,00. Ρ.888 1111111181 111111 04. 1. 87, 81
111111 811. 1,84. 4, 80. 800 111111 04. 11. 81ος 111. 7, 11111111 B 1.11.1,11
111111 811. 8, 884 8. 11. 8, 8. 1111. 1. 10, 88 ; 11. 1111111 4. 111. 8, 10
11111111 04.11.11,1,111.11,1. 1818 1111111818111

81. 1, Ι. 8, ’110 tatto 8. 1. 1, 01 tutentur 81. 10, 8
11811104.11.18,80 11111111 811. 11880 1111811118.11.1,70
1111111 0111888. 8. 11. 8, 70 111111 111111. 10, 80 fatentes Ept- 11. 1, 17
fuimns 1111111. 1, 810 11111 04.1.18,40; 1188, 111. 111181 8. 11. 8, 808. 4, 4. 7, 81
1111111811.1.10,80 1181118111. 8. 1. 880, 111111 1111111. 1, 88. Ρ. 418
11111 11111111 ⁸ . 1111111.11),11;11.1,16.111111111111111111 ’
11111 8. i. 4, 70, 11. 8, 188, 808888. 8, 80. 8, 08. 811.11111111111.11.1,07

818 1. 4,10. 11,8 1111 04. 11. 17, 81
1111181104. 8,10,07;11.1111111 81810, 11. 8, 04. 1111111111 0111. 14,10 ’

1, 111, 111. 1, 111. apti. 111. 11111 11,.. 01. 11. 11, 11

1117. 1843 11. 1, 08. Ρ. 11111111 S. i. 8, 18, 01. t, 88, fatigat 811. 8, 10

407 1185 ii. 7, 07. 11111.11.1,80.11111111104111848
1111111808 Ρ. 110 fatigatum 04.111.4,11
111118.1.8,48.10,48. 8111. 1. 11111111 04. 1. tt, 18. 8. 1. 8011111111 04. 1. 880 ·

17, 1ος 11. 1,0, 180, 887. Ρ. 1111111 01111. 10, 18. Ept. i. 11111 04. 1. 18. 81

08887 1888 11118110,οθ
1111111 118, 40 11111111 Ρ. 480 tntum 81880
111111 g 1111,Ὴο - 11111111 04. 11118, 8. 8.11.1,1111111.,14,4 ·
11111111 ,470 08 111111 .1.8,114. Ρ. 100
11111 S. i. 0, 84 11111111 8ρ1.1.10,81 1111111). 100 ’
1111118.1.10,88. Ρ.487 1111811118.11.7,81 1111111111 01118840 ..
11111 818184 1111111111 04. 111. 8, ffi. 814, 11111 04. 111. 11, 80. 11111. 11.-
11111118.1.8,08.0,00;11.8, 8 1,88

88100. 81111888 1111111104.111.1,88.17,10 11111104.111,1,8
1111111111 04. 1. 88, 0. 8. 11. 0, 7 [mutua Ρ. 880 1111111111 01111888
1111111 8. i. 0, 88 11111 04. 11. 4, 48. Ep. 10, 10 811111 04. 111. 18, 1
1111141 04. iv. 1, 88 1111111111 Ρ. 484 81111 Ρ. 844
1111141 04. 1. 10, 1 huntus S. 1. 4, 81. 10, 80 1111111 11111. 10, 4

 

