INDEX. 199

domus 04. i. 4, 17. 7, 12, 11. 448144 Ep. 4, 84. 8. 1. 9, 49 4, 48. 488. 411481. 8141.
12, 8, 111. 8, 28. 1412, 14444441 84412 1. 4, 8. Ρ. 818
4, 21. 449. 11,6. S. i. 2, 44441 04 111248. Bpl. 1. 1, 441414 0411414. 411474.
129, 11. 8, 114. Epi. 1. 2, 9. 18, 29 412. Epi. 1. 11, 28. ·Ρ.99
47, 41. 444. 1428. 16, 44, 4444 04. 1. 2, 42. 44. 7, 27. dulcibus Ep. 18, 18
ii. 4199 1418, ii. 7, 2, 111. 8, 24. 4414144 441418 ·
domii· 0411148. 8,). 2,84. Epi-i. 1, 18. 18, 48, m 441414 041. m, 9, 11. 12,18.
4114198. 488 44444 041447. 84419. 4141444144. Epi. 1. l,
4444 04111427, 14442. 424 41. 412. 1488
...1111111484’82881111111111118*1181188111
· · 4 · · 4 · · 4
donaberis 04. 111. 148 444441 Ρ. 441 444 04. i. 417. 4, 7. 8, 9.
4444441 8. 11. 4, 79 4444414 81442 11, 7. 1428. 22, 19. 84, 2,
44444444 0414 2,9 4444414 04. 111. 8, 88 dm.
444441 Ρ. 249 44444114 Ep. 148 444414 04111488. 2488
444444 01114412. 12, 9. 8. 44444114, pariidp. 04149, 88. 4444444 8. 1. 4, 84
114172. Ρ. 488 -44444441 8. 11. 8, 81 44414441 8. ii. 8, 42. Ρ. 28
donnum Od. 148,1,8 44444144 8. 1. 8, 11. 4, 9. 144448. 14117. 414, 11 8,
4444418 11148 99 188 ,
donnini pi. 112, 142 444444 041. 12, 12, 111484. 4441444 S. ii. 8, lm 114111 2,
4444414 Ρ.428 11,11; 1448. 12,14.8.11. 64
44444441 8. 1. 4, 85 4, w. 482. 'E 11. 2, 81. 19, duplice 8. 114122
44441 04. 142, 29. 8. 1. 448, 48. Ρ. 818, sii, 427 duplici 8 11. 17, 24

114, 88. 841. 1. 8, 87. 7, 29, 4444441 Epi. 1. 8, 27, 11. 1249 44411414 4147. 411488
88. 14111 4444414 8. 11. 7, 82 4444 041148. 8481, 1118,
4444148ἱ1.17,89,111,18144444 04. iv. l, Ὴ.-,444414 2⁷‚ae; 111248. 81144.

4444144 p1.i.1,2 04117, 22 4, 4. 1122. 8. 1. 2, 49. 19,
44441444 0414 429 44444 megum 04111,21,111. 24 47, 11. 2, 88. 414 27.
4444144 8 111. 4287 1418, 141429 8 i. 1. l, 22· 11. 1, 141. 2,
44444414 0414. 2, 88 44441 041117, 9, 1112478, ui ³
44444 041417, 111. 4, 44. 4444 dnm 04141449

8. 1. 4198. 4, 21, 11. 1, 78. 4441, ia Ep. 4, 18. 8. 11. 7, durum 04111. 7, 82, 14449.

449. Ρ. 144, &m 88. .876 8. i. 2,8
donem 0d. iii. 22, 8 ducibus 04. iv. 8, 14. Epi. ii. 444444 041 14, 7. 8. 1. 4128.
444441 811417 1, 19 Epi. i. l, 82
44444 04. 1. 81, 18. 8. 11. 8, ducimus 11p1. 112, 292 444414 04111248

167 dunin, 4 444 04. 111. 14, 7. 8. dumetis 8. 11. 4, 72
donet 04111. 8, 27. C. 8. 89. ii. 4 78. Ρ. 814 duraverit 8. i. 4, 119

8411. 18, 199 44414, 4444, 04. 1. 144 duruit Ep. 1484
44414 Ep. 418. 84111482 44411 04.·1. 4, 4, 111. 17, 114444 04. iv. 449. Epi. 11. 1,
dono 8411418 27, 42, iv· 4, 89. 4, 89. 8, 66
Dorium 444444 lipom 84. 8. 1. 19, 44, ii. 2, 84. 4441 Epi. 111, 81
dormiet 8 1. 1. 1484 841. 1. 1 ,88. 8, 47, 11. 1, 74. duris 0414 4, 47. Ep. 4, 84
dormire . 1. 417, 11. 1, 7. Ρ.81 1414, 8.12,17

Epi. 12, 89, 11. 2, 44 4444 8. i. 8, 82 444144 8. 11422
dormirem 04. 111-4. 18 44444 4114192 duro 1141111481. 21,14
dormis Od. i. 24, 8. 8. 11. 8, 44414 0411. 12. 11 duros Ρ.448

234 444144 0414 428 44444 04. 1. 24, 19, 11. 12, 2,
dorffliiflbo P, 1⁰5 dumam od· 1114 ⁸, m· st 114 ², 184 14 74 s· 14 9, ⁴2

44441141 Ρ. 849 48 dum 8. 1. 4, 8. 7, 6, 29. Epi. ι

dormitum 8. 1. 4, 48. 8, 119. 444144 Epi. i. 17, 1. 7, 91. 1470

Epi-i. 7, 78 44444 Ρ.78 441 04. 111. 8, 4, iv. 4, 4, 87.
44444 81421, 11491. Epi. 444441 841111. 1, 88 Epo. 8. 841. ι. 19, 28

1. 19, 88 444114 8 Ι. 11. 1, 244 44411 04. 142, 49. 8.11 1, 111
444 0411124. 21 444111 04. 111. 14, 18
1144444444 1141114178 11441Ιί4 0414148
4414111444 Epi. 1. 8, 21 444114 04. 1114, 88. 841. 1. 2, Β,
441414 04. 1112419 7, 11. 2, 98
4414 04. 111. 29, 48. 8.1. 4, 49. 44144 04. 1. 1, 2. 22, 28, 24. Ε 41. 2, 119. 4, 87. 9, 89, 78,
· 8411. 488 8414, 11. 9, 19. 7, 28 ; 111. &m
4411414181 2,18.24.18,14.12,28.8,4.441111447, 11. 1, 81. Ρ.
4444144148 11. 7, 48 1,8. 11 Ι. 1. 7, 27. 14192, s
dracones 0414. 4, 11 11119144 Ι 414414 8. 1. 8, 72. 144. 84111.
Drusum 0414418 4414444 04.111.1,19,·448,14 429. 4356
Drusus 04. iv. 14, 19 8. 11. 8, 199 44444 mens Od. 1419, 7. 11 Ι.
duarum 8. 1. 8, 44 441444 04. 1. 9, 14, 111. 8, 8. 1. 1, 4, 82. 14, 18, 11. 2.
dubit 8. 11. 2, 77 419. 24, 7. E . 2, 49. 18, eamus 841488. Epi. 1. 8, 48
444144 1441114119 84. 8.1.8, 189. 4411414. ongum 8. 11. 8, 92 ·
4414114 04. 149, 88 19, 4. 44414444. S. i. 19, 14
444144 8. 11. 2, 198 44141 0411419. 1428. 88, 444, verb, 8117. 8149
dubim· 84111. 1, 88 7. 87, 11, 11. 18, 88, 11112, 441 04. 111. 19, 19. S. i. 8, 81 ,
441114 0411484 1.18,2,144,12. 811447. 114289

11111

 

