178 INDEX.

11111111 1,111, 10. 8.18,81.111,1111111181111111 1111111711. 8110. Ρ.
8, 88, 11. 1, 81 amputans Ep. 2, 11 100
1111111111 01. 1. 20, 1, 11. 11.18. Amynta 11111218 11111111 011118. 1818, 11.
Ep. 111, 80. 8.1.1,10. 8, 88, 1111111111 01118811 1,111 8,Ιο 9,81. sum:
81108. 1,1811. 8111. 18,1,111 0111188811. 11.1,7,1118. 8,)1.1.1,58.
24 111.1111101.11.1,0 1180. 11, 18. 11,8, 18· 11.
...1111111111 1.......11 11.11, 11 1,111, 1111111 ’
1111111111 Od. 111. 8,17 aucep· 8. 11. 1, 81. 8, 81 1111111 preceps od. 1. 7, 18
111111 1711188 Anchise C. 8. 80 1111111118.11.8,11
11111111 111. 1, 00 Anchisen 011. 11. 18, 81 unm-111³ 8. 117, 0
1111111 01. 11. 0, 811 :nemorum 01. 1115, 10 11111, 11119. 01.11. 9, 80, ,11. 11.
11111101111817, 111.10,111ἷ11117281.1,08, 117. 111111. 11,·1. 8.11.1,88. 1111118,
1111111111 01. 111. 1, 80 1111111101.11.1,1 111111 8.11,1. 0, 01. 8111.
mni 8. 1. 10, 81. 8111. 11. 1,1111111111 8. 11.11, 118 7, 11, 11. 1,18. Ρ. 187
110 Ancus Ο1.11.7,18. 8111811111 01. 1. 81, 11, 111. 8, 11.
111111011181. 818· 11. 17 18, 8. m. 8.11.8,1.11ρ1.
1,1. 1,1. 1,11. 111111111111111.. 0111111111 1,11, 111·ἱ 11. 1,111, 11
1111811110 111110111101121,10,Ι 11111111,ι 8111118118
11111111 11111. 11, 20 ἻΛ 8. 11. 8, 80. 1111111811. 1111111111 01. 111. 80,8
11111111 01.111.1,7. 11111111, ,110 1111111 0111115. 1118, 111
18 11,11111,111.17,80 11,1,11.11,111.11,11. G.
11111πί11111 Ερ1.1.10,0 anguem Ρ.187 Ml. 8118111111 ,11.1,
1111111111 111111 11 11.1,88 111111101111.18,811, 11111, ω, 88, 111188. ‚m
1111111111 01118111. Ρ. 17 111Ι 1111111 11111111 01.11117,18.-
1111111111111 Lucretilem 01. 1. 17, 1111111111 01. 111. 10,18 volumina 111111 1741111. lm
1.-81111111111111 Epl. 1. 17, 88 angulo 0111. 8, 18 1111111 ,1111111 811. 8,271
1111101.1.18,10. 18, 11. 18, 111 111111 01111111. 8. 1111, 8. 111111111111 01. 11181, 11
18. 8110, 11.1,1 , 111.1.’1,11. 1111111171 11111111181. 10, 18
18, 18, 11. 1,11. 0, 10. Ep. ungunt 1¹:91. 1. 7, 18 annuimus Bp1. 1. 10,8
1, 87. 1121. 10, 81. 811, 1115111111 011. 111. 1, 1. sphi. 1111111111 01111111
107. 8,11, 11.1,10. 8111. 7,20 11111111 01. 1. 881, 11.11,1.
8,18 111 ustis 01. 1110, 81. 8.1. 8. 1,1,811 8111. 1. 1, 88. 11,
umore 01. 117, 17. Ep. 8, 81. 88 1811, 11111108, 11.1,187.
1111. S. 1. 1,111, 118111 1111811177 Ρ.888

Ρ. 07 unqu 811118, 78 11111111 Ε

78, 111, 281, 1117. ΕρΙ. 1. 1, ungenta 01. 1. 1181 annuo ugaefio 011. 11. 8,11

811. 18188100. 7,88.11111118.118,77 1111111111 Ama

18, 82. Ρ. 818 11111111, 8119. 011111 1111, 1111111 01. 11. 7, 7. S. 11. 8, 88.
1111111118ρ.11,11.18,10. S. 11115, ’1110,12. 81811. 1110811. 1111, 11. 1,11.

1. 187. Epl. 1. 1, 81. 8,8. -ῙΤ1111111111 11111 01.11.111111111118111111]11111111111 up.
11181141ω 01. 1. 0, 18, 110,11.111111111818.1.8,Φ 1188113118118.11.8,Ξ

11,7, 111. 8, 18. 21, 8, 11.111111111111111 831110 . 1111 1111188111.
...11311 1111.Ε 1111118 Ι 1· η ’1111111101 ἆὸὐω ιζ’θῗ ξ’ 1181118111 111 111. 1, 11
81111ιῖ 19111 Μ’ ” ἰη1ῃ11ἷ11,111.”1,11ξ11Ῑ1ζ111111811811111111
1111111111111181 ,111111818·1811111111111
1111ξὲ18οἷ111 ἐξ, 10 1114111317, ,11. 8111111111. Ρ. Μ. :3²31 Ιη(ε11(.)“1ι.ι8ἱ.11,ιὲ76
11·11111.Ε 111 ,11111111
81118811108111 10881118 11 11111111 0121 188, 1111,88181111811111“Ρ881188’ω’ m
amphora 01. 1. 80, 11, 111. 8, 10, 18, 11.7,10.8.1.1.101.Α1111οο11111110111811

11 8,8, 118, 111, 218. 81111,111111111111111 01. 1111188
1111111111 01. 111. Μ 10.8,11.11,1.1Ρ.182 ,1111111111 Ρ. 115
amphoris 11,-111 1111111111 01. 1. 88, 11, iii. 11, 11111111 11111 11.1,11
nmph 11 1.1.18,11 28. 8. 11, 118. W· 11111. 1110111 11111111. 8118181
1110111 ,11.8. 101 11111. Ρ. 180. 880. 108 nutuque 8.11.7,18
1111111111 Ρ. 110 animosum 01111811. 8.1.7, 11111111 ⁸1³¹· 11. 1,1ὶῖ
11111101ἕ1111111ω 11111... 1111. 11, 11, 1111, 1111111181112111. 1111. 111,
111111111111111ὓ 11111... 111. i. 1111. 11,1;1.1181.11.1...1.11.1,11
111,1111101.1.18,17. Ερ.17, 11.1,11.11,12, 111. 10, 18111111181181181. ΒρΙ.1.1,8

80. 8.1.1,81,111,11.0,1. 21,1·,11.1..1“1.1,ω. 8.1181111111011.1.88,1
Eri-1241} 8,1. 1,110, 11. 1, 78. 8, 80. Antoni 011. 11.11, 81. 8.1. 8,
amp um 011. 11.11,7 8,10.0,88.11,11.1.1,181180. 88 ι Ι
1110111111 PM 62. 1117. 18, 81. 18, 118, 8111111111 Um 1111111, 8

 

