110 INDEX.

1. 1. 1, 81. 1, 11, 111. 1,111111111.1.1,11.1,70511.1,11111.1.1,11

1115 11. 1, 117. Epi. i. 1, 01 hi 1. i. 1, 11

1. 11,17 111111 S. i. 1, 10 1111111111 11.1,115 11,1, 11
hebet 111. 1, 11. 1,17. 11,11. 11111111 Bpl. 1.1, 10 111111 Ρ. 111

1.1. 1,11. 1,11. 1,11. 7, 111111 1111101.111.11,1 hibern· 0111.11,1

11. 0,11,115 11. 1,111. Epl. 111111111111111111110111111, 11111111 1.11.1,11

1. 1,105 11. 1,11, 111 10 1111111 1.11.1,111
1111111101.111,11,11 1111111 E 1. ἰ. 1, 1. 11, 11 hibernum Ep. 11, 1 1. 1. 7,
11111111111 01.11.11, 1 11111111 Hi 1. 111 17
1111111111 Bp. 11,111Ι 1111111 01. 11. 1, 105 11.1,11 hiberno· Ep. 1,10. 17,11
11111111 1.1.8,11 11111111 1. ia, 11 111 01. 1. 11, 115 11. 11, 115
11111111· 11 Ι.1.11,1 1111111111 01. 1111Ὲ 111.],10,11.1,17,111.
111111 1,11. ,11,11 1111111111 Ep. 17,11 111,111.1151.1,17. 11111,
1111111111.11.1,11. Ρ. 100 herieri 01. 1. 11, 17. 151111 11111111.
11111111 1. 11. 1, 117 hedera 01.1.1,115 11. 11, 1. hiemet 1. 11,1, 17
11111111 01. 11. 1,11. 1151111. Epi. 1.1,11 hiemen 111. i. 11, 1. 11,115

1,101 1111111101.1.11,1] 11.10,115111.1,11. Ephi.
11101.11.11,11; 11.1,111.1111111111111101.1.1,1. Ep. 10, 11

1111111111. 17, 11 11111111 Ι.1.11,71
hen. 111. 1. 11. 1,11. Epi-ii. 11111111101.1.11,1. 1111111110 .1.11,-11

1, 71 101 hieron 01. 1. 1,1. 11,1, 12.
1111111111.1.1,111.1,11 1111111111111 01. 11,1, 11 1.1.1,11. 1111111
1111111 01.11.11,15 111. 0,11. Helieone Epl. ii. 1,111 1111 111111. S. 11.1,11

11 hireos 1111111111Ρ.111 hilarem Ephi. 1110
’111 rin 01. 1.1,11. 11,11511. Helioonin 01. 1. 11, 1 hilario Ep . 11,1, 101

11, 115 111. 1, 1. 17, le Heliodoro· 1.1.1, 1 1111111 1.11.1,10
Hedrinno 01. 1. 11,1 Hellade S. 11. 1,177 hino 01. 1. 11, 111 111. 1, 11.
Ι 111 1. i. 11,11. P. 111 hellebori 1, 11,1, 11 17,1; 11.1,11,111.

hren. 1.1.1,15 11.11,111.11,111111ο1111 1.11.1,117 1111111111 01. 11. 1111

11,111. 11111 Ep. ,17.1,17. 1.11.11111111101.1.11,1
1111111111 01. 1. 17,1 1,19. Epl. i. 10, 10. 11, 115 Hippolyten 01. 111. 7. 18
111-1115111111 01.1.11,1 111, 110 Hippolylonr 01.11.7,11
1111111111 01.1.17,10 herba 11511.1.7,11 1111111111.1.1,10
1111111111 Ρ. 111 herber 1151111. 1.1.8,11,11111111. 1. 1, 17. 1,111- Ρ.
heredem Epi. 111, 171 10 110
1111111118,11511.1,11,11111101.111.11, 115 11.1,11111111111.11,1.11,11

01 11. ll ,1, 7. S. 11.1,17.111 111 onii. 11,1
heredi 01. iii. 11, 11 1111110. 11. 11, 7 hirsutis Bp. ,11, 1
1111111 01. 11,7, 10. 111. 1. 1111111 01. 111.11,0 11111111 11111, 11

1, 11 11111111, ode. 1. 11. 7, 71. Epi. hirudo P. 171
11111111· 1. 11.1,101 1. 1, 11. 11, 10 hirundine Epi. 1.7, 11
herentem 01.1.17,17. 11,10.1111111111111111 01.11.11,1 111 01. 111. 1, 115 11.10, 1.

1.1.10,19 1111111111 01. 111, 111 Ep. 1, e. 1.1.1,11. 1,11.

1111111111. 1,1,77 111111111 01. iii. 1, 05 11. 1, 1,11. 1, 71, 110. 8,111. 9,

herere 01. 111. 1111 10. Ep. 17, 11 10511.1,17,111.
1111101.11.1,10.11,11.11,111111111111111011111 111111.1.1,100.1,70
1. 11.1,111. 1, 111, 111, Herculis 01. 111. 11, 15 11. 1, Hirpine 01. 111. 11,1
111.1,10,11,101. liphii. 111. 1151111. 11511.1.1,1Η1151111101.111.1,11.1,11
1, 1711, 111 1111, 111. 11.1,111. 11111.8,1 hispidum (11.11. 10,1
horret 1. 1. 1, 115 11. 1, 111.1111111111111111 Epi. i. 1, 11 hispidos 01.11.0,1
1111111111 11111101.111.17,11 111111111 01.111.7,10. 11,1.
henr 01. 1. 1, 0 1111111 llpl. ii. 1,1 1,111
Hegea 1. 1,1,10 1111111 S. 11,7,10 historiis 01. 11.11, 10
hemo S. iili, 11 Hermogenen 11.1,111. 1,11. hoe 01. 1,11, 115 111, 115 111.
nonum lipl. 1. 7, 71. 11, 11 10, 11 1,11.1,11,111.
iuno 11. 1. 1,111. 1, 91. 1,11, Hermogenis S. 1. 1, 71. 1181111111 (11.11. 10, 7. 1.1.0,17,
111.1,111511.1,111. Ρ.111111101.1.11,1 105 11. 1, 11.1,11 7, 11.
nonnihil od. 11. 1,11. Ep. 111111 111. 101 lipl. i. 7, 11, 70. 11, 115 ii.
11,8 Η11ο111 Epi. 11.1,111 1,110
nonin-len 01. 11. 1,115 111. heron 1. ii. 1, 101. Ρ. 111, 117 hodiem 01. 11. 7, 17
111 herum 0111111111. 1,11.1,111110(1.111.1,1
nunno-rr· or.‘1=.e,1o 111. 11111111 noro 0111, 11111111
1111515111 1. 11. 1. 10 11111 1. 11. 1, 10,11 1. 11. 1, 111
herum 01. ii. 11, 11 Herperie 01. i, 11,1 1111111 01.111.11,1. 11.1,11
111111511οΙ. 1.1.1,10 1111111111 01. 11. l. 11. 17,111111111.1.10,11
111111111101.11.1,11 105111.1,1511.1,11 11111111011111. Bpl.i.
111111111101.11.1,71 Hesper-lin 0111111 1111511111 Ρ. 71111,
11111 01.111.1,1 Herperio 01.11.11,11 101
111111 (11.1. 11,17. heitom 81111111 1111111111 Rp. 17, 11
nuo 11.1,11 1.1.1,11.1,1111111111.11.1.71 1111111101.11.1,1. 111,
Ἠῶ. 1,8. 1,10. 1,17, 11118101. 1. 1, 17. 11,1. 11,1, 1ἓ5 pp 1, 110, 171. 15111.
n fl· 01 i 1

 

