500 .lNDEX.

11111111 8118,Ιῆ ,8311111021111288 emiserit M?
11111118 111100 11111 .1.·1. 181 1111111111.120.0
1111110 .1. 81,12 egerit 08. l. 18, 84. 8. 11. 5, emittunt 111118. 11
11111111 81111116 40 Ι . 1111111 1111111818
11111111 8. 1. 4, 011 11. md 1111 8.1.4, 118. 8111118111. enuit 8 111. 1288
1111011111·11111111. l'. 154 . · 1111111 8.11.8,Β
l. 0, 541 111, 108. 2, 18⁰ 011100· 11882. 8.ι. 1591111101111 8111. 11. 2, 40
11111111 08.11. um iii. 21, 111108. 8111. 1180. eeu emovit 01111111
11 1111811210 Em 1111118111. 1.12,20. Ρ.
1111111118.11.0,101 111108.1.2,1.84,8111.4,12 t
eeee 08. 1. 15, 21. 8.1. 4, 18. 811111. 1,112 11111 8111. 1. 2, 80. 11148
0001 11. 8201 111 08. 1. 10, 25. 18,11. m. 111111 8. 11. 8, 180
1111111 8. 114, 88 2111111111. 11,0,1ιο. enter 8.118,104
11111111 8118, 52. 8111. 1. 15, egomet 8. 1. 2, 181. 8,28. 0, emti· 811111. 2108
28 28. 8111. 11. 1, 220 1111111 S. 11. 7, 48
eatinus 811128. 8.1.0,111 11111111 8. 11. 8, 21 1111108111082. 8111100.
8111111111 08. ind, 51 egregie 81111100. 1147 8111112101. Ρ. 240
1111118 8111 i. 18, 82 1111111 08. 10, 11 1 111 2114. 1111111111 812, 88
0 1 1 1 ⁸ ¹ Ι
18111111 8112, 81. 8111 11. 1, 11111111 01111148 1111111111 11111 S. 14, 8
.171 11111111 8. ι. 8, 1 11111111 112118
edu 0111111111. 8112081 en 08. 1. 85, 881 111111 ω s.i. 1, 15
Ode 8. 114, 10. 5, 01 111. 2, 0. 11, 42, &tu 1111111 Mo
edendi tempus 1111111022 111 811181 11. 0, 28 1111111181 011114. 11
181 8112110 1111111 8.1.8,8 8111118111 08. iii. 1, 50
edicit S. 11. S, 221 1 nlntio 811. 10, 11 enentne Spl. 11, 81
edicte 08. 11. 15, 22 elne 08. 111. 11181 11. 8, 18. enervet 811. 8,8
1811118 111-1280 8111111010 eninr Od. ι.1,281 11.5,18. 10,
18181111 11800 111111 8. 11. 0, 111 Ι 0111.
elebornbnnt 081111, 10 Enipeus 0111111, 28
eleboratum 81). 18, 12 1111111108.111.8.10
, , , 11111 811180 1111111· 08. 11121,47. 1).Ἁο
181111 1112, 214 11111111 8111. 1. 18, 18 1111111108.11.8,0
18111111101111111 08. 1. 1212. 8111 11111111 018. 118. 11 Enni 811004. Ρ. 80. 210
8118, 8. 8. 11. 8, 80 Electrum 8118140 , Ennius 8 1111111 11. 1, 811
edite Od. 1. Ι, 1 eleros 08. 1. 88, 8. 811111. 2, ense 111. 1171
editior 8.1.8,110 01. Ρ.71 .. 111111 08. 1. 8128
18111111 8. 11. 2, 01 01000111 00- 111-1151· S· ll, 111111 01111. 18, 10. Ep. 1, 2
18111 1111111111 20- 8111121111 enei· 01116, 10,- 111. 1, Ιῖ.
edo 8. 11145 1111111101 Il 11121 810811 11. Ι,10
edomuit 0811. 5, 21 11111111 811111. 1, 100 111, 11111. 8. 1. 4, 108
881111 0811. 7,21 11111111 8. ι. 8.·10 111110, 8. 1. 0, 110
&dormit s, 1,1,11 eliciet 01. 11. 11111 iv· 11, eo for ideo 1111111 1,11. 1,
educere 8111112 11 8110851 118, l 8, 05.
111,

Ι11111111 8111111145 elidere 81111110 οἳ. 1. 14, 18. 1).Ξὶ
1 .

180111 1151. 1. 10, 22 11111 814125 nr 1111111 11111
18111111 0 .11. 2,28 111111 08. nne, 26 . 2, 40

1811118111148 0110111191 1111111110 eodem 08. 11. 8, 281 111. 1, 88. ¹
111111 1110187 ensem S· ιι. 1110 111511 ii. Lm. 1, 111.
effert P. 111 111111 8. 11214 1, 02. 811110, 0
11111018 11110 elocuta 011111, 11 81110118181. 811. *151
1011111 .11,1 11 1111111 11217 11111111 111. 180
efficacis 8118, 17 elu ebat 8111. 117.Ιῦ ene 8111. 11. 1, 01
effinex 08. 11. 1120 eludente 8. ¹: 10,41 1 hebr 11111. 11. 1, 111
1811111 08. 11120, 40 eludere 08. 11. 12, 20 11111111 0111. 1,2
11111111 8. 1. 8, 80 eluens 8111-Ι ll· l. 41 1 hippi· 8 l. 1. 14, 48
1111111111 8 111184 111011811110 111111111111111.111,58
effuderit 0 .11.7. ll ⁸¹¹¹¹¹²⁰l 1111 11119.Ῑῖ Epicuri 81111110
effugere 08. 11. 4, 02. 8111 1. emet .1.8,104 Epidaurins 8. 1. 8, 21

me emetur 8. 1. 114 epistole 1151. 112. 12
1111111111 8111102 emendae 1111111 Ρ. 410 epoe eeer .1.10,48
11111118.11.1,11 emendat· 01111111 epate s. ii. 1, 111. r. 1111
11111111 S. 11. 8811. 7, 71 emendaturus 8. ιι. 8, 85 1111111 011118, 0. 811261
11111111 ,8111 1. 14. 18 emendatus Epl· 111110 11111111 0111. 85, 101 11. S, tn
effundi S. 11. 8. 140 emendes Epl. ιῐ. l, 8 8. 11. 2, 45
80011οΕ8. 131 01 1 eque 0111111851 111. 11,0
egene 08. 1118, 10. 8111100 emetat 8 l. ι. 6, 21 eques 0111205· 1112, .1. 12,
egentem 1811111122 1111111111 8112105 1. Ε .4,15. ld, 12. 17, 11.
egenti 8112,οὃ emicuit 1811111178 8. 1. d, 17, 108. 8111. 1. 2,(11..
egeo 8111. 1,10, 11 111111111111108.1.0,8 10,18

7

1. 1. 1120 emendo 1111111 insanit 8. 11. 8, epulum 8118, 80

 

