818 INDEX.

1118111818.11.4,718111118, gibi. (18.78. 8111111, 111ὁ1,88.8,48,88.Ρ.78,81.
11 .
1118118111 8111. 11, 14 11881181 Ρ. 8118 1111188 08. i. 8, 181 11. 4, 41.
1111811181.1.8,48 11181888 08.1.84,17. 88,881 8. 17,84. 8111881111,
11811111111.17,87 11.8,18. 811888 8811171881. 8111.
11881180 .11.8,88 11188108.1.8,7.81,18111. 8, 48. 18,·88. Ρ. 1881181
111111181187 18. Emoda 11118811081.8.88111117.
11188188.1.8,117 11118118 ,1,88 7. 81118. 1111118, 21
1181811118 8. 11. 8, 87 prement 08. i. 81, 8 principe 011. 1. 81, 14. Epi. ii.
1118111 08. 1. 8, 4. 11881 1111111111 811. 1. 18, 18 11188 1, 888
1. 84. 8, 18. 14, 881 11187, premetur P. 888 principi iimo 08. 1. 18, 18
81. 11188111.8.1.1,11,111111811111101.11.18,1 1118111118181Ι.1.17,88
11181. premerer 08.1114, 18 principie 08. 11. 8, 18
11881111188881111111 premet 08.1.4,111. 811118, prinei 11118 0811186. 8.11.
1111111118,1.1,88111.8,178. 78 (1.8. Ρ.888
8,18. 8, 71 1111811 08. 111188, 881 11.8,11118811818181111118811118808.
1181181188.1.18,88111.7, 84. 8.11.7,118. 811111, 11.1,4111.14,8
78 881 118118. 11888 11118108.11.18,4. c.s.5r.
protererent 08. 11. 7, 4, Ρ. 11181881 08. 11. 18, 4. 8111. S. 1. 8,1181 11. 8, 84. 7, 18.
848 1188 8111. 8, 87. 7, 881 111,
pretereunte 08.11. 11, P] 11188188181 811. 11. 1, 188 18
pretereuntium 08. 11.8, 88 prensare 1111118 811184 1118111118.11.5,88.811118,
preterire 8. 1. 8, 88 11811881 08. 11. 18, 8 87
preteritum 8,11, 118 111181 01111181 111. 88, 4. priores Ori. ii. 8, 181 11117,
prurientem 8.1.8,81’1 8.8,18. 18, 8. 8,11. 4, 811188. 1111118881
1111181188 Ρ.888 811 priori Ο8.11.18,8. 811. 1185
1181818.11.8,181,818. 81111118118111.18,88 11188108.111.8,17. 8188.
11. 8, 84 1111811 8. ii. 8, 814 S. i. 4, 8. 18, 18
1181811 8.1. 8, 84. 7,18. 8111. 111881881 Epi. i. 18, 87 priene 1111 Ρ. 814
1.],188 1111111 8118, 48 11188108.111.81,11. 81111.
pretorem 1118118 preren 011818 1188
1111181181 8.118,88 1111188111 08. 11. 18, 14 1118818 8 1118117
1118181811818111.11.8,181 1111111111.111.11,8. 8. 1. 8,111888 08. 11. 8, 81. 8111.
1181811108.ι1.8,41 188. 8,14. 811118178. 18,1
prevenerunt 8. i. 8, 88 Ρ. 878 1111881111 08.11.8,411
11188111 spirans pretioeeE .1.18, 88 111888118818 (1888
1111181111 81111118 111118188 81111188 1818181118
11118811 8. 11. 4, 88 pretinm Od. 111. 18, 8. 81841 prin 1111111111 8111188
prim 11118 11.1,11 1.1.1,181; 11.1,111180813111
prensi 8. Leni-⁵ 88. 8111111147.17,48.8111118181)1·1·3.Ῑῦ ·
111-111118 8,18, 187 18,181 11. 1, 88. 8,17. P. privati juri· Ρ. 181
11118 08. 1. 4, 41 11.18,8. 81. 888 11111118 08.1118, 18. Ρ. 81,
8, 87 8111111108.1.18,811118,88, 187
pratensibus S. ii. 4, 88 481 11.8,18. S. ii. 8, 188. {muto S· 11188
111118 08. 111. 18, 11. 87, 88. Ρ. 187 11111181 08. 11. 18, 181 1118,
811. 1. 1118 Priamiden 11881811 8. 1. 7, 18 88. 8. 1. 8, 148
11818 8111. 14, 88 Prienen· 08. 1. 18, 14. 8. 11. 8, priver 8.11.7,77
11811 08.111. 8, 8. 8.1.8,811 188 privignis 0811184, 18
11. 8, 818. 7, 71 Ρ11111 81. 8, 81 privignae Epi. i. 8,8
11111111 1111118188 Priapum 8.1. 118 11188 081. 8 18
11118811187. 8111111141 pridem 8. 18,18. 884 18,1. 88, 817
’ Ι
.i.
l.

111
rimer. 811 11111181118111111911,1111, 111 ²
ni

,1
114, 1
Efls

8, 8 .
⁵1

11. 18
4, 88,

88 1,1,41.8,81.7,8. 18,171 insanum ὅὲ 8,17

11111081118188. 8118, 88. 7, 88. 8,8,18. 811 . 78. 8 . ,81
111118 8.1.8,48111.7,8 11888. Ρ.81 8111. 88. 8, 1111,
11118 8188 Ρ.811 1118188818 08.111.7,811-111- 118. Ρ. 188, 418
1111118111 S. ii. 8, 844 18881118 811. 17, 18 1111881 1111. 8,11
1111881 8. 11. 8, 88 primm 08. 11. 8, 81 pro 08.111. 8,18. 8,11,18.
111188 8,14, ’18 11118818 8111118 18,111 11.1,14. 8,88. 8.1.
1181118181 08. 1. 8, 88. (18. 111818181111111 08.11.7.8 8, 18, 48. 8, 811 11. 8,188,

8 11111111 08. 111. 18, 8. 81. 4, 8111118. 811. 1. 7, 84. Ρ.
1118111811.1.18,188 18. 8. i. 8, 88. 4, 881 11. 488 -
1118111 S. 11188 8, 71. 8, 8. 8111.88,11ο111Ρ.878
11181188 8,11. 8, 888 , 88 probe 8 . 17. 48
11181 08. 1. 888. 8118. 88, 111818 08. 1117, 8. P. 188 11811181811118188

81 11187, 111 11. 8, 88. 1111111111118 8. 11.1,88 1181111111 08. 1. 8,18 ,

17, 48. 8111118. 8111111118811181 1111118884 1181811118111.1,88

8, 8. 18, 18. 14, 141 11. 1, primns Ori. 11.14,81. 8. 1. 8, prober G. 8. 18

188. 8,·178. Ρ. 888 88111881 ,11811818111111888 Ρ.818
11188118 8. 11. 8, 78 primum 08. 1. 88, 81 11. 18, 8. prober 8111. 17, 18
precer 08.111. 18,18. 88881 81. 4, 881 11. 8, 41, 887.11811118.1.1,188. 11188

11.1,8. 8111881818. 8111158818.10,1811181188(1.8.48. 8.1.8,11

 

