INDEX. 668

161611 8,)1. 17, 68 16311116 0111166 1, 18. 16, 76, 11. 1, 161226,
161611 011111. 6,27.7, 16. 8,). 1631616 06. 11. 6, 11, 11128, 268. 2,162. 1128818, 828
1668. 8,)11.17,66,11 17 remanete 06.1.27,8
q, 1,188 16366111 oudinum remeare 8.1. (mil
, 161611, 16.111616118.11.8,187.163661 06.1.12,62,11.2,8 866116166166111 8,).7, 18
7,66. 81112166 16366181.1.2,18 16611368.16,68
. 16161161 86111882. Ρ.1781631)1)0.11.1,4. 8.1.6, 1816161366 ,17, 16

’ 1161616111. 1), 1). 1,1.11,...1.1..1,1.1.16,6 ...111. 6 .1. 11,1

111281 1636616 06. 1. 2, 84. 16. 8,161613166) 8,)1. 1. 668
16661 S. ii. 4, 61 11. 2, 21, 111. 16, 41, ir. 4, 161611 06. 1. 87 , 17. Rue
166611011117. Epi. 118, 2. 8.1. 8, 128. 6, 8. 8,)1. 1. 1611111661 Ρ. 161
184, 11. 1, 188 1,68 16611111 8. 11. 4,68
166311 Epl. i. 18, 66 regule 8.1. 8, 118Ι 16161111 8,)1. 1. ism
relin 8,). 17 , 6 Reguli mene 06. 111118 reniero 6166 06. 111. 27, 67
166160112811· Regulum 01111287 1161111101.11.11,1 ,
reformido 8.11.7,2 re 6) 06. 1. 4, 14. 86,11, 1116611111 8. 11. 8, 68
16116311661111 8. 1. 4, 61 2, 12. 18, 84, 111 1, 6. 21, 1611111111 Ρ.848
1671666111 06. 111. 2128 28. 28,1 , 11. 12, 6. 8. 18, remittunt 8,)1. 11. 1, 286
refringit 06. 111. 8, 28 186. 18, 42, 11. 2, 46. 8611611116 06. ir. 16, 88
16111311 06. 1. 1, 84· 11. 18, 16 1. Ι, 167. 2, 8. 18, 88 , 11. 1161661661 8. 11. 1, 71
..1111661611 11161. 116161 „nonarum n .u‚⁴
refu' 61 0118684 161 06. 11124, 64, 666166161616661166161 ,11116
1676 geue 06. 1117, 28 6661116106.111.16,26 renutu Ρ. 827
refulsit 01111228 1866111661, 8.1.16,26 1666111 06. 11. 2,16. 18,1,
, :2⁸⁶2ss ’1111111111 i 1131111111. ω 1111111 ¹'' ⁴' ⁷· ¹⁴’⁴⁷‘
116 ’ ’ ¹’ ..1611161111 611, 16611111. bunun 6161
reguli 06. 11188, 2. MR 16 16616161 8.1.6,18,11.4,84
163668611127 161106.11.1,18,11.1,14 1161616106.1.Ἇ,8. Mel
1636101188. Ρ. 187 161161 06. 1. 28,11 1616616168.11.6,62
rege 06. 1, 86, 8, 111. 6, 8. 8, 1616661 ll 11118 rennui 8. 11, 6, 16
4. 861668. 8.1.8,142.1611,)661 ,1.17, 18 renuerim 01111168
8,)1. 1. 17, 48 16163616 8. 1. 18, 84 remugiet 06. 111. 18, 6
1636 unlnruur Epl. 1.2,62 1616361 011111. 11,48 remugiens 11 ,18, 18
86368.1.7,6,26 relegi 861122 16611161 Ep. 1626
1163661 8.1. 7, 6, 8, 86 1611616 06. 11. 7, 16, 11. 2, 611611666661 0111116111
1636111666116168.1.7,28 8118, 18. 8,)Ι.1.7,87 16661666161Ρ.78
re 0111 14,11· 111. 1, 6. relictis 06. 11. 1, 87. 8,). 1, renuti 8,). 16,21
11116 ,11.2, 18. 8.1.8,12. 21. 17, 18. 0. S. 44. 8,)1. 11. rene· S. 11.8,168. 8,)1. 16, w
111111111168 ¹' 2, ..1111171111 6111611 8111111113111, 111.
16361 06. 1. 12, 67 relictus 011816 6, 12
‘lirun-lt ι ·· 1 ..1 'ten tellit* ‘nllt'llRQllMlffi
661161.. flu. 1111311, n ἷῖιρῗ.. 66111 mnu 661Ι 1111. 16
regie 06. 11161 religet 8. 16, 18 166186.11.1,78
regium 0111. 18,6 16113616 0111111, 84, ir. 11, reperent 06. 11.7,18
re “1)66011.1.1,1.28,4..8.1. 6 ' repequre 01111818. 811.
11δθὶ ¹¹⁴⁹'¹⁰¹' ΕΜ η 1111186171 nn, 6. 6. i. 1161111, on. i. 61, ie
16111 01118111. 87,7, 111. 8, 1. Epium repererit 01118124
,2. 26,11. C. 8. 86. 8,)Ι.1.161161,6618.11,62 repensus 06.-111. 6,26
6, 87 relinquendis 8. 1. 18, 61 repentes llpl. 11. 1, 261
1 iu 161 166 8. 1. 4, 88.161161,66118.11.6,88 16,)611160 .1.16,27. 8.1.1,
pl. 1. 6,2 relinquent 0111112 118
regione 861112· relinquere 8 11826. Ρ.166 repertor Ρ. 276
1631661666 8.1.6,1 relinqueret 11116, 64 repertur Ρ. 186
16311 1666666616 06. 1. 2,16. relinqui 8 1116, 6. Ρ. 417 16661661ιὲ 101118211
116ῑὲ1668 1 7,1 ¹ lllllllll Oll'lilql'ulvm 1114, agg: 06. 111621,8 8. Epl. 1.
'‘lf5l”¹¹⁰m⁰⁶'¹'⁸⁵'¹‘ ΒΨ ..1111111111 n. e. 16 116111.. neptune ..
re 11 06. 111. 4, 48. 8, 8. 21, reliqui 8,)1. 1.18,6 repetes 0611. 1. 12. 8. 11. 4,
18. 8,). 6, 1. 8ΡΙ. Ι. 18, 26 1611666111 811. 8, 288 6. 8,)1. i. 7, 88
181661110116411 nu ’1111161631Μ’Βριῖἶρῖίιῖἶ 3111151166 sin
. ,161 ἰ ' ’ ' ’111611616111111 1113111116 ‘''
’18114111.·1111811111611118ῑ1111.11,..ι.
26. Ep. 17, 2. 8,)1. 111, 81. 4,28,82,118. 8,41;11.16,)16111111111611111 81626
268 2, 21. 8, 74, 168. u, 0. 8611666666101186
16316616 06. 111. 8,88 1. 1, 66, 66. 6, 12. 7, 71. 8, reponere sspl. 1. 7, 88

 

