Sffl

juneo 8. 16, 122
111111 811228. 8,16
1118111 811. 8, 212
1111111811. 8, 12
11111 8. 1.1,80
1111111111 Epi. 1.16, 18
1111118511 S. 1. 1,8

1111111111 8. i. S. 50

INDEX.

1001 1111111. 11,1. i. 11,1 18118... 1.111

1111 01.11.5,15. 8,0 ignom 81. 8,22

11111111 01. 1. 25, 2 ignorat E 11. 1. 1, 28; 11. 1, 81
11118. ii. 1. 21 ignorata· 1³. 262

1111 01. 111. 8, 8. 16, 11 ignores 8111112, 25

1111111 01.11.11,28; 111. 22, 1; {gnaro P. 81

iv. 6, 88 lpum S. 1. 1, 181
11111 01.11. 15, 10 ; iv. S, SS.1gnoscent S. 1. 8, 110

1111101.1.2,18. 8.1.2,85 Ρ.258 1111111118111.11.2,188

1111111 od. 11. 1, 51
1111111111 011. 1. SM
11111111 8. 11. 8,121
11111111 8. 11. 2, 82
1111111111 11111. 1. 11 , 15
111111 01.·1. 11, 18

118111161118.5,102,111111118.1.0,12
&o- 11111111 8. 1. 8, 11

111 01. 111. 20, 16 ignoscis 8111112, 210

111111 01. i. 15, 2 ignosco 8. 1. 8, 28

1111111 8. i. 1,15. 1111. 1, ignolu 11118, 11. Ρ. 180

11. 11,11. 1.111 1118111111

1111111111111101.111.1,81 idem 01.11.10,16, 22. 1101111111 011110, 21

1111111111 01. 11. 16, 11
11111111 01.111. 12,0
1111111111 011. 111. 1, 56
1111111111 01. 1. 2, 8
jaculi: 011. 1. 22, 2
111111 01. 18, 12

10,21;111.12,8. 0.8.16.11111118.1.8,118
8.1.16,8,65; 11 228. 8, ignoto S. 11. 8,200
1111111111. 8111.1.11111118.1.6,6,21

15, 81, 11. 16, 81, 86. 1811111111 81822. Ρ. 215
60 ; mam. 2,101,102,1ς11111 01. 11. 18.6

200. Ρ.858 1111111111 1111111111. MS?

1111 01.1.2, 1. 15,11.1,8,5,111118.1.8,115;11.8,212.11111ι 01.1111,61. 11111. 1.

16. 8,10. 0, 2. 25, 6, 811.

11111111 1.111, 111,

11111111 01.11. 20, 0. Ep. 2, 851161 iisdem 01.111. 221 8111. 1,

ffi. 11,1

ideo Epl. 1. 10, 28 11; 11. 2, 151

1111111111 01. 11.1,11;111.6,1111111811.2,80. 8.1.6,15 11111111811111-

28. Ρ. 18
1111111111 Ρ. 252

11111111101.11.0,21 ilex 01.11.1,51. upum.
idonens.ii.2,111. Ρ.881 81111180

11111111 01. 1. 18, 8. 1111111. 2, idoneum 01.11.1,12 1111 01.111. 118. 812121

50
iambo Ρ.10

idoneus 01.11. 10, 26; 111. 26, 1111 81181. 811. 8, 80. Epi.
1. 11111111. 18,12;11. 1.1,0

1111111011.1.16,21. 111111, m 1111111111.1.2,16

1. 11 Ι.1.18,28
iambus ,251

111101.11.11,11 , 1111111111

1111101.1.18,1. 25,15;111.1111101.1.2,11; 11. 8, 22.

1111111111 01.111. 20,5. 8.1. 1,11;11. 1, 12. mm. 8111111. (1.8. 81
0,15;11.1, 1. 8111111 8.1.0,66;11.8,88. 11111.1.111118.2,28.16,11

1111111111 8111. i. 11, 21. 16,

18, 12 1111111 ,111. 18, 11

1111111 11,1,11 ilices 01. 1112810. 811.16,8

- 1111811821. 1111111850111111181111201 111111811110 ..
janitor 01. 111. 11, 16. 8. 11. 1, 1111111 11111. 112, 20 1111 01. 1.10,11. 15, 88; 111.

15

jejunus S. 112, 88 10,1; 11. 1, 58. 1111111

1111111111 01. 111. 11, 28 igitur S. i. 1, 101; 11. 2, 68. 8, mon 011111. 8, 18, 81. 11,11,
1111101. 1. 25,1; 1110, 20. 152,158,162. ι188 11

10, 5. 8.1.2.128

111111 01. 11. 1. 81. 8.1.1,85. 11111111 S. 118, 61

11111101.11.15,0. 8118. 8111111182 11111011.11.9,18
18. ΕρΙ.1.26,1;111.1,255111111118111188 .. 1111111110.8.11
11111111111111.1.1,51 1111111 S. 116, 10. ΕρΙ.ιι.1,111101.1ιι.1,10. 8111811.

Iapeti 01. 1. 8,
1111111 01. 1. 11,1
111111 01. 111. 21, 20
111 itam 81111. 10, 15
,11111111 Em, 12
ibam S. 10, 1

111111 81. 6, 15

Iber 0d. 11. 2020
Iberi 1111111 8.11.8,16
1111111 Ep. 5, 21

111 8.1.1,2. 2, 01; ffim 8,
ignave Epl. 11. 1, 61 816. 1, 12, 58. 1, 21, 68, 105.
ignavi S. i. 5, 5 8,·10
Qunam. 6, 2 1111111111 01. 111. 8, 1
lgna 81111 11111111111111111 01111116
ignea 01. 11. 11, 18 1111111111111111 011. 11. 0, 26
igneam 011. 1.11,2 111111111118.11.5,108
igneas 01111810 11111 8. 1811. 8111. 1. 10, 11
ignem 01182112οῑ 11120, 111111 01. 11. 1, 111 111.15,11.

18. 8.11. S. 216 8. i. 2, 120. 5,10

11111111 01.11. 5, 28. 11, 50 igne· 01.1111, 15. 12,11; 11. illapsu· 01. 11. 11, 21

1111111111 Ep. 1, 8

1, 11 111. 8, 55 ; 112, 51. 11, inaquam 01.111. 16, 16

1111111111111101.1.20,15 21. 8. 11. 8, 56. 8111.11,111118.1.2,28

ibi 01.11. 8, 22

16 . 1111 01. 1. 12, 58. 21. 0; 11. 8,

11111111 01. 1.1,16; 11. 11, 10 igni 01. 1. 1, 8. m 18,21. 18, 1, 8, Sto.
11111 811.1,1.8.1.8,1118; 11,1ςηί1111 01. 1. 18, 8. 21,16.111111111111’.228

66

11, 11; 11,1, 11. 11,1. Ep. illepide 11,1. 11 1, 11

ibit 01. 111. 20, 8. 11111. 11. 2, 5, 82 1111111111 8. i. 1, 86

. 1111
ibunt 1. 11,1,11
nam 0111, 11,1
1111 01. 111. 1, 21
18111. 011. 1,]11
1.... 111111, 11

igni. 01. 1. 11,11. 11, 11 ; iii. 1118911111 11,11. 11,

1111111113· &hm 1119311011111111 11. 11
1111111111 111111118111.
ignobilis Epi. 11,1, 128 ’ 11. 111 11,1.’ 1111111 '

 

