180 INDEX.

111111 011.11.10,10;111.1,00 8111011. 11 .0,18.8.11.1111111ιι8.1 ,23
unns 0111111101 8,2117.7,100.ἓρ1110,07.11 1101118111. S. ii. 1188.
1111111111111181. 1111 1111111111111147 11,.’116111111 11. 11, n 1,.1.
11811111 08.ι1.8, 15 unam Ρ. 70 ι. 2, 21 z ιι. 1. 7. 2, 122
11811111 0.8.11. Ρ.105 Armeniis 08. 11111 upum 08.11. 2110
11811111 08. 11. 11, 10 Armenius npm. 12, 21 nuperum 08. 1. 810
11811 Ep. 11, 80 11ιιι1111 08. 1. 810. np.1n,upem 01181205 111,10,2
11811 Epi. i. 18, 81 88 upon-gere S. 1.1, 87
udor 08. 111. 8, 2. Ep. 11, 27 mentum oniii. 8,11. 111111. upennribun Od. iii. 21. 5³
11811 8. 1. 2, 80 8,0 aperis 11115, 27, 01
118111 08.111.21,11 unuin 08. 1 8, 10; 111 8, 51. 8, asperim E 1. 1. 11111
118111 08. 1. 28,10; 11. 8,1; 20; iv. 11,52.8.1.8.102;111111111118 1111, 120
111. 20, 10 11. 8, 810. Epi. i. 11 18,51; asperrimus [10,11
118111 08. 111. 1, 21 11. 1, 2. Ρ. 122 280. 870 aspersus 13 1. 1. 11, 12
1181111 08.1.8,81;11111211111118111011,111,11.8,1ιρο1ιιιιι 08111210
1111 81111. 1111. 10, 18 80 unexit 11 Ι. 1. 7, 90, 96
1111 08.1.8,18 armornm 0111. 1,111 υἳίοο 1111. 17,1. 18, fn, 11.
11111 08. 1. 1, 10 1111111 8. ui. 5,18 , 170. 2, 02
Arelli 8. 11, 0, 78 arrepta 8. 1. 0, 1 ”pineto S. ii. 5, 5
mn· 11 1. 1. 1,0 Am S. 11. 8, 80, 218 11ρ111 08. 1. 1118
uene 11111111 11118111 Ρ. 101 11μ1111ω8.11.0,00
111111 08. 111. 1, 81 11118111 8. 1. 10, 80 aspiciat 8111. 110,0
111111 Ep. 11,1 1111111 8. 11. 8, 221 aspicit 01111. 17, 17. 8111110
1111111 08. 111. 1, 81 arripit E 11180 11ρί1111 Ρ.201
1111 81. 151. ΕξΙ. 1. 10, 10 arripnit .11. 1011. Ρ. 175 Auunci Ep. ¹⁸:¹³
1’11111’111.’1’,11.1.11; 111,111111111111111111811111 , 811Ἵ11Ἳ,1111111.ι1,ω;
8, 112. 0, 10. 11111. 18, 28 mogunt 011. ιι. 11, 10 ιι. 2, 27. Ρ. 825
urgento 0111. 2, l, iv. 11, 0. arroget 8.11. 1, 85. Epi. 11. 1, uminum Ρ. 120
,1. 180 “ 85. Ρ. 122 ω111111.1.ι,11
entnm 111111. 1, 52. 2,11. 1111111 8. 1. 8,-11 1111811118 .1, 111. 0, 05
,17. 117ος 112,181 1111111 111. 110 1111811 11 111, 11
Argon 08.11.0,5 1111111 08. iii. 118 1118111 .Ι5, 18
ιτςιΙΙιι 8111. 11. 2,8 11111 onii. 1,1; iv. 0, 18. 8. ungunt 211111. 1, 8.
Ar 118.11.8,182. 8111112, 1112111111,οὅ 111ι1ι11111111111111 8.11. 2,
128. Ρ. 118 1111 01112,ος 11110. (1.8. 18. 1, 88

,1111111 08. 11. 0, 25 08. 8118111. 1181. 1. 8, 115 11111 nnius 8.1. 0, 18

Αιςιιί 01111. 10, 12 11. 1, 50, 201. . 81. 2011111111 8.1.0,111
Argivi· 08. 1118, 01 820108 11111 8. 11. 2, 51
1111111111 Ep. 8,0 11111 oni.. 11 8. 1112 8.1. 11111111 8.11. 2, 100
1111111 .10.511 0, 77. 8111118. 0,11; 11. usnemun S. 11. 2, 11
8.1.1,0 1, 18, 150, 2118 11111111 Ρ. 10

urguens 011. 1117 anem 08. iv. 11211. 8.11.1.ι11ιιι11ιιι 81111. 5, 28
1111118110 88. 12011111. 1, 7. 1111111111 8.1.0,51
arguit Ep. 11, 10 11. 10, 27 Amyn· 11181 08. 11. 11, 10
arguitur 111111. 10,0 1111 1111. 11.2,1. Ρ. 211 Assyrii 011111, 82
angult S. 1. 10, 10 11111111 011111. 0, 22. 8.11. 5, An rins P. 118
arguite 01111. 1121 8. 1111111. 1212 111 p. 15, 21. 81. 0, 125. 8,
argutos 8 1. 11. 2, 00 11011111 8.11. 1, 10 0
ungulum 801 11111 Eg. 11,8112 8. i: 8,111; 11111 8111111
1111121111 ..111 (11111. ’111111111181111111ἷὲ11 111..
Arnum: 8111112107 21 11. 2, 28. 8111111811.
1118108.1.22,10;11.11,0 11111 (1801 1, 20
111811 0111111, 11.18,0.1111 08. 111. 8.18. 5, 28. En. 11111 8111158

Ep. 8,5 111112, 50. Epl. 1. 11, 27 11111111 Epi. ii. 1, 111
aridum 01111. 17, 18. 8115, 1111 11111112, 107 :suffigitur Sp. 15, 5

81. 8111185 11111 08. 111. 5, 8. 8112, 18 utrum 08. 1ι. 11, 22. 1111111.
1111111 Ερ. 17, 81 11118111 8. 11. 1218. 1, 12 2, 187
Ariminensem E .5,12 1111818180 111111 8. 118, 180
1111 08. 1. 85, urvo ⁸5¹¹ i. 10,2 111111ιωὶ 8. 1. 8, 011
11111111111 Ρ. 150 mum 8.111.1,15. 2117 11111118.11.5,28
111111 11111111 11 8112. 00 1111111118.1.5,18
Λτὶιίίρρι Epl. i. 1, 18. 17, 17 11111ρ111 1321. i. 10,1 Atacino 8.1. 10, 10
Aristippum 1111. 11, 28 111111 1111, 108 111111 08. i. 1. l
Λιιίἓϋιίἓιιι S. ι18, 100. 111111. 111Ιὲ111 S. i. 1, 110. 81111 20, nient Ἣ. Ι1ζ1,11.1;ῇ111ί8291, 18.

3 ¹ 1 9 1 nu·

nnn.. 111, 11 ...11. s. i. 111 1111.. 1 111111
Α1111011ι11118.1.1,1 ,111118 1. 7, 21. 1111111 Albona 11111181
11ιιιι 08. 1. 82,0. 85,15; 11111111 8.1.1,111 Atheni· S. 1. 1. 01; 11. 1, 18.

1,1; 111. 5,10. 21, 20. 21111111 11111118 111111. 1218

Argon 0

 

