INDEX. ¹ 550

rips 00. 1. 2,10; 11. 18, 22; rogus up. 1, 15 2ρὶ. 1. 1, rubentem 8. 1. 8, 85
1112021. 8.1.1,58;11.8, 18 1011118105
204 roget 8. 1.1,82; 11. 5, 75. 001. rubore 8. 11. 8, 81
ripn 00. 1. 206 1. 1, 70 1000101801110156
ripum 00111. 028 rogo 11 Ι. 1.1,11 10110111111011108
110110011125, 18. 2‘1,2AE;Roms 0.111.8,44.5,12;11.11011018.1.5,94 ·
11.2,0,81.7,8 4, 87. Ep. 102. (18.11, 1051101110011 011089
1101111 .2,25 87. 8. 1. 01. 11011044. rubrius 811001
1111111 (1111 '1⁵⁰ 11 01101111111111 11· 1. 1’11111111’111111’115 ffi'm‘
1110. 011011 11. 11. 11. s. u. ιζ 11. u, mom 0,.. 11, 11
11118.1.4,91 28. mu, 28. sspl. 1. 2, 2. rubum 00. 1. 206
risissent 00111. 107 8, 12. 11, 21. 20, ¹⁰3 111, 10011101 Ρ. 457
1111111 8. 11. 080 108. 2, 400087 1000001111οω spo. 1. 1,2
111110001012· 111.11,22;11001110 00. 111. 088. 8101000111 011001 Ρ. 410
iv. 1, 11 ' 10. 1011111. 1111. 11, 111.... m 0111011
1110101 Ρ. 225 17, 11. 0250 rudentes Ep. 105
risu 00. 11. 16, 27; 11. 18, 2011010101 00. 111. 0, 8, 11. 4, rudis 00111. 0024, 54. 8.1.
8.1.8,50.10,7,·11.1,80. 40· 8.1.048;11.2,10, 1000
1111111084. Ρ. 858 52. spui. 1025 100111181020
risum 8. 1. 4, 84; 11. 8, 08, 11001111 111011 ΕρΙ. 1. 8,0 10001 0011012. 100
E 1. 1. 8, 19. 18, 0. Ρ. 5, 11010100 00 11. 028 10011101 00. 111. 4, 58
1 1100110101 (1.8.οῦ ruenti 8110154
11101001. 9, 22. 8. 11. 2, 11001110 00. 111. 6, 2. 8.1.4, rosulis 00. 1. 2.25; 11. 5, 8.
107 85 811057. 1111111047
11101 8. 1. 4, 88. 5, ὥς 11. 5, 11001101 1101. 11. 1, 20. Ρ.118, Rufum 8 11. 0210
57. 11111070 · 825 00011018.1.2,27.4,02
1110 00. 1. 82, 10, 1112010, 1101011111 0111010 11. 0110701 8.11. 8, 58
11. 4, 25. 0, 87, 88. 15, w. 94. 10204 101000101011
08. 18. 011111. 278 11001008.11.Ι,81.7,54 10ςί1000108. 111108
1110 00. 111. 1, 40. 14, 1. 20, Romanos 8117, 17 rugosis 13 ,1,11 -
84. 8.11.1,29. 0208. 01101000018000. 011. 01010101111110105
62 11. 010. 001110. Ρ.101010011.19,15
111111 Ρ.444 54 ruine 0011.1,82;111.8,8
11111 oum. 14 Romulus 00111οο1101 0011. 1010101 0011100
1110 0011011. 101110, 5,1.Ι 0047 101011 ouium. 8. 11. 8,
12 1100101100.11.15,10;11.8, 54
11101 00. 1. 2011 ς 11. 19, ¹¹3 24 101111 00111. 5, 40, 11. 1010
111. 11, 14. 18, 7. spu 1. 8, Romulum 001. 12, 88 1011 E 1.1. 14, 41
’ 11. 107 .1101001011101.11.1,5 1011001020, 111.4,05;11.
rivum 00111. 20, 22. 1111110001111001. 2010 2,7. Ερ.10,2. 0110101.
10, 21. 14, 85 101010 Ρ. 480 1111011. 2,75
11101 00. 111. 1020. spui. 10101 1011100.111.8,50 101111 up. 7,1
· 12, 9. 14, 20. 10104 1011 01.5,1. 88, 85 1110100101 8. 11. 6, 50
1111001108 14 10110108. 1. 4, 125. 11111. 1.
rixo} 00.1.18,11;111.14,20,1010 od. 1. 80, 15, 110141 luo
⁴ 2070. 1111111051 111.15,15;11.10,4 1001111100111205
riuum 00111208 10111001 1010 00111. 208 rumpent 0011. 15, 22
risurum 0101000100. 1111010 rosus 00111. 18, 22 tompore 00. 1. 15, 7. 11111. 1.
rixatur 1101. 1. 18, 15 Roscio lux 0111. 1. 062 8, 85. 1020. 14, 9
riuis 00. 1. 27, 4 11010111 8. 11. 6, 85. 001. 11. 1, rumperet sp. 5, 85
robigine 811. 1, 48 82 rumperis 8. 1. 8, 180
robiginum 00111207 roseum 001. 102 rumpi 8.1.2, 118
10501101 00.11.4,84 rostrata EM, 18 rumpit Ep. 12, 12
robur 00. 1. 8,ος 11. 18, 10 1011111 S. 11. 6, 50 rupem 1111110111
10801101011100.111.10,2 1011001111010. Ros 10ῤέ10 10011011 111118,Ιο
robustis 11 1. 11. 2, 74 rotantes 00. 11. 11, 11 ruperis 8. 11. 8, 810
robustus d. 111. 2, 2 uotorum 111οΓ1101 1101. 1. Ι7,7 ruperit up. 10, 20
100001 opums 10111 00. 1. ,5 10011001112001. S. 113,
110010 1111111040 10100οι18.11.4,40 55, 50. Epo. 1. 20, 15
roderet ungues S. 1. lo, 71 10101οο0101 opt. 1. 0, 81 rupibus 00. 11. 10, 1
11111011,οι rotundioribus 811018 · 11011110.1.1,1,10

rodunt S.i.o,oo rotundis 8.11.4,18. ΕρΙ.1.1,10011Οο1.1,28. 11111110, .

rogubst 8. 1. 5, 08, 07 100 15

rogsodo 1111 105 rotundo 010 Ρ. 828 100111 ostonis S. 117, 70

rogote Ep.8,1. s.ii.o,slo 1010110001 00. 1. 205 101100.1.1,17.81,7;11.0,

rogat 0011101. S. 1. uus. 10100001 8.11.7, 80 12. 111, 87 ; 111. 18, 2; 11. 5,
11111101 1010811022 18. Ep. 2, 8. 8.1. 0, oo.

100111ορ1102 101018.11.8,71 Epi. ’0701010100

rogati 8.1.8,2 rubeum 11111. 11.],207 1010 S. .1,11. 2,127. 10,-15.

ro 101 8.1.4,07;11. 4,88.10110011.100 00111010 ΕρΙ. 0110111110.
pl. 1. 041 rubente 00. 1. 2,2 1017 1000

 

