1

INDEX. 575

17 , 62. epu. 1. 0, 01. 7, unguent· 01.11.11, 11. 7, 21 8. 1.,1, 8. 7,11. 9, 76. 10,

40 πυμωω1118.111,228 ι 12, 11. 1, 257. Ρ. 100
1111111118.11.1,121,214. 81111ἕ1111111 01.111.14, 17. Ρ.11111101.11..Ι24,4. m· ·

1.2,18 71 11111 01. 111. 7, 22. 8.1.1,

. 111,11118.1.1,100 11 11811171. 111117, 1111101115. 111111,

. 1111111 01.17,21. 1122. 12, .

Umbernper 811140 1. Ρ. 12, 291 11.1,11.11,ι1;11.1,111.
umbilicum Ep. 14,8 unffi! (11.11 9111168, 4, 111. 8, 24. νοξέ1138ὧὲἱδὸ11ὃκ ¹⁰ .
1 1 111

1,11.7,16. 111. 1, 91. 11111 111111 01. 1. 8, 18, 1119, vocet 01. 1. 2, 211 8.11. 1,

1.7,60.11,10,112,78 . 111191. 8111111. 29
1111111101.11.11,10. 818, 827 1111811711 ·

41 11 11811112. 8.1. 1,1111111101.112,21,11.0,22.
111111110111110. 81111. 14 1111111118

2, 186 11101.112,12,22. 8.11.1,11111111101.11.2,46 “
111111101.1116,42, 11129, 70. 2, 100. Epi. 1. 0, 1111111 Epi. 1. 10, 78, 11. 2,

21. 8.11,10,118,22 Ρ.8 191
111111111111111 8. 11.2,111 11111 1111111 01. 1. 2111 7111111111111118.11.7,11
11111111 1111. i. 128 111111 01.11.18, 14 volantem 01117,Ιο
1111111111 01.111.1,21 1111101.111.14,1 11111111 01.11.16, 12
1111111111 01.14,11. 12,1 1111111118.1.1,11 1111111 .1.18,71 .
1111111111 8.1.1,91 - 1111111111 01111119. 81111111 .10, 40
111 111111 01. 1. 28, 15. 2111, 6, 11 11111111 fi 1. 1. 18, 11

111. 1111. 2117. 8. 1,108. 111 01. 1. 17, 19, 11. 8, 1. 11, 111111 0 ,111.10, 16

111.11,1,10.11,1,112, 10. namo. 8. 1118, 111111 Ρ. 100

22 0111111140, 11191. 1,111111101111 1111117
111,1111.011111.29,18. 8.11. 81. 1111111011,11.1,18,11111111101.11.11,1

1121111112 ⁴³· 8141121111. 1 ι. ..2111111111111·
11. 1111. 1,1,11 xpm. ,1, 1111. 111111. 1, 111 ’

10, 2. 12,11 11 1,18. 1. 1110. 10,.18, 11111011112121. S. 1. 172,
1111111111 Ρ.29 1. 1,11. 7, 77. Epl. 112, mmmmm. 111
1111111111 11. Ρ. 240 1. 2, 00. 1511112. 1181.
11111 011111. Ερ.1,10.1111101.17,1. Ep. 1, 4. 18,40. Ρ.71,119,101

81111121 12, 11. 8.1.4,121, 140. 1, 11111111 01.11.1,19
1111111 8. 11. 2, oe 1, 11. 1,11, 282, 101. 1,11. 1111 8.1.0, 17
11111 01. 111117. 8.11.1,7 11111111,11.1,16,120,11111111101.11.1,40
111111 01. 1. 29, 8. Ep. 1, oe. 1. Ρ.21 1·11111111111.1.2,41

8. 11. 4, 78. 11111.18,28,11111111111181111181 volucrem 111. 118, 11. 1,

11111 11111 11111111 Am 211
1111111111 111. 1. 1. 1,11. 111.11,1.11.1.1.111,1
11111 8. 11. 1, 81 8. 1. 1, 21. 0, 101. 9, 71. 10, 11111111 01.11. 1124, 11128,
11111101.111.12,6 12· 11.1,11,11,111.1,11. 0,11.11, 10 =
1111111111811. 1111117, 1111111111. Ρ.11,11111118.11·4.17

12. nm 11 1111111111 0111121118
11111 0111120 unxere 1111111 mlum 01111111
111. 11. 1. 11, 11, 11, 11 ...111 ,1111 11111101· ii· ⁹. 11, iv· 1.

7,111. 14, 9. 20, 8, 111128. voeabula 8. 11. 1, 280. 81111. 40 ..

1111.1.11,4,11.2,170 2, 118. Pal 1111111118.11.7,1
11111 01.11.17,20 11111111 01.112,7 11111811 1, 88. 1111121,
111111 Ε 111. 2,176 1111111118.1.1,112 . 7
Md„ 0 1111191,ῃῇ ivn⁴j⁴⁴u 'mmo 8111181140 vohi! od· 111 ¹², Μ· 81181 ⁸,

14,20. Ε.10, 21 11111110111110, 1117, 91
MdO Od· 81 ΓΞ, 7; 1116191 ¹2, ⁸¹ 'Obitu' Od' 1,114125 .

7, 111. 11, 18, 111, 10. 8. 11111111 01.1.10,2 11111111 11111. 11, 2, 11. 1,

1.1,108,112,11,111, 1111111 1111. 1. 7, 02, 11. 1, m ¹
1111111111 11111111 241 11111111 11111129 .
11111111 8. 11, 88 vocari 01. 1. 111. 0. 8. 1111111111 Epld· 18. 108. Ρ. 111
1111111 (18.21. ΕρΙ. 1. 20, 81111110 10101111 mn! 011· i· ²7· ¹⁸ ¹

27 rom 01.11. 20,0 11111111 8. 1. 2, 10, 11110.
1111111111118.11.1,117 111110111111. 2140, ΕΡΙ· ἱ· 2. 15. 1164, 11. 1,
11111 11111. 1111112111, 11.6,11. 8.1.8,18,11. 1111. 2118

11112. 111117. 8.1.1, 1111111.111111111111111111111111

70. 2, 128. 9,78,11.1,21. 1111181170 1111111111 Ρ.118

1,108. 11111170. m 111111 01111211. 1111, vomere 01.11.11,11. 11111.
11111 01. 1. 2, 14· 11112, 6. 7181112118 146 ,

2111111121. loa} 11111118.11.1,170 1111111111 111161
angen 8.11. 1,121 1111111 Ρ. 211 8111111111 8.1.8,19
1111111111181 1111111 01.11. 18, 40. 8. 11. vortices 01.11.9,22 .
ungit fid-18& W), ' . 111 01. 1. 21, 1,0,1114, 29,
111111111111111111. 1.1,1111’11111’11,’11’;111.1, 1, 111115111111111, 11 1}ss

11. 1111 111111. 11111. 11. 11,11;11.1,11.1,11,’11

 

