INDEX. . 1110

1111111011111.Β,11. Ρ. 71 1111118.11.1,07,180. 11111111111111111118111,

11111118. 1. 8, 11 1, 18 11111111 01. 1. 27,

motura 11111212 11111111Ρ.877 11111111 01.11. 8, . §.i-11,

jungas 01.11.2,11 111111011128 231 11.8,7 7,

1113111111111111 11111.1,111111111.11.1,11 1111111011δ (0. ,121 81.
Ι 0 Ι Ι ,
1 .

Ι111311111 01. 1. 88,8 111111 E 1. 11. 1125 1. 1, 1 1 11
1111311182 111110 .1.1,1.2,18. 80,1; 11. 1,11
1111181111 111.10,18;11.1,81. 1111.2,11111111110 .112, 9. E
11111111 (1828 01187. 11,1.11,9. 8.1. 9. 8.1.1, 10, 01. 4, ·
111111 011112. 8111117, 1,4Ι,78.1,21,77;11.8,18, 2,]2. 1111117,θῖ
10; 11. 1, 14 82, 00. 81111211. 1181111111 S. 12, 88
11111111 01.111. 1121 16,10,19. 111, 81 ; 112212. 11111111 01. 1. 7, 16; 111. 1, 8ος
1111 01. 11. 1, 55 111. 110 Ρ. 100 iv. 9, 82. 811. 8, 21. 11111. 11.
,11111111 01.111.8,18 111111 11 ,1,16 1,22-1. 2,00
11111111 011. 7, 8. 8.1. 8, 11 1111111 8111. 1. 8, 88 1181111211111, 8.1.2, 76. 10, 78.
1111111118 .18, 80 juvenen 011111 1111112190
11111110 .1.2,80.11,1. 111111111101. 118, 215 11.1,111111·11101.111.8,21. 8.1.1,
12. 22,20;11.0,18. 10,18; 80. 1111121 112;11.8,2119.1.10. ΕἳΙ.
121110. 1110819221

0
1
Ι

1

01.
2111.

Ρ. 122, 210, 108 J 127 ; 11. nm. 8 'um laboriosi Ep. 111,ν 10
11111111 ssss. 1111 111108. Epi. .

u 'a ¹1⁶5 Ρ11111οἷ11 od· 881 1⁴9 w· 8181 1,
111111111811111118116 1138111111 01111 2,11 1111131198.7 t131 8, 19. 81111. 8,
111111811111 111111011111 87. p. 12, 2. Ρ. 21
1111111 11111214 1. 81118111111. Ρ. 11111111 01. 1. 82,11; 11. 18,
1111111111) 177 88; 114, 0. 8.11.1,11. P.
1111111 11111. 1. 11116 juvenis 01.111. 9,1; 11. 1, 81. 212
1111 01.111. 111181 11. 11, 17. 8111211102. Ρ. 101 11111111111.1.11,11
1111111111 112, 11111111 01. 1. lem iii. 11111111 01. 11 , 12. 8.1. 168.
m· RQ ' n· Pon-⁵ ⁴¹9¹ae
1111111111111.11.8,179 1111111111 01.111.2,11. (1811111111 0111112. 8112,
1111111111 11111 Ep. 10, 21 111 211 .
11111 11111. 1. 18, 08 11111111 01.1. 10,7; 11. 11, 6 ; [1111181111 01.11. 9, 18
11111111 nomm 1111. 8111121 11111111 01.11. 11, 215 111. 8,
111111118.11.2,100 1111111101.1.2,21.1,10.81, 21
1111111111.11.1,88.2,171 16;111.4,10.11,88. 8.11.2,1111111111111 01.1.7,10
11111 01.11.8,1. 81101, 12. 1, 79. 111111. 2,29 111111111111101.111.1,10
1011 im, 181. 1118. Ρ. 11111111 0111119.11,1ο;11ωη11101.111.11,71
1811110 11.1,1;111111.11,1.111,Ιιο.111101.111.11,11
1118.1.1,01;11.1,82.8,72, 5 ; 11.1,8. 1211. P. 82, 111111110111111111
217.1,22,81.7.20.8111.1. 811011 111111811115 υ
11111811111111181.111111111111121111 11. 11,1111111111’1ἓ111111ἐ.1’ 11111701.
11. 1, 88. 6, 15, ffl juvet Ep. 2, 19.. 11181. 8.1. 1. 0, 211 1111, 81. 81819.
1111101.111.0,20. (1.8. 80. 11128. 1111111110 1111111248
S. 1. 2, 182. 81111112. 0, ’1111 111111, 1 1111111 111111 8. 1. 0, 71. 11111.
12. Ρ.282 1111011111121. nm i. 116
jum 11 1.1.12,17 1111111111 01.111.2,10
111111 .17,17 . 11111111 01. 1. 817
1....11111111111 1. 1....111111.1.1,,,111
11111 Ε . 1, 7 1111111 Deos 01.11. 18,12
111111 6Ρ11.8, 811, 101, 111. Ρ. umus 01.111. 11, 15 1111111Ι 1111. 8,1
218 labem 811111. 1, 281 11111111 01.11.0, 11
111111 Ep. 1, 01. 11, 20. 8.1. labeum 01.111. 8,8 111111111011.11.18,7
8, 80 1111111111 S. ii. 1, 111 11111111 01. 11. 11281 11. 1, 81.
justumne 01. 11.2,11. 8. 11. 1111111111ιωί11 8. 1. 8, 82 Epl· i· 17. 60 Ι
71 111110 111111111111118.1.10,0 1111111111 1111111111 11111. 1.10,11
juti 111111 11111111 8.1. 8, oe 11111111 E 1. i. 218 111ιὶ1111 01.111. 7, 8
Ι1111111 S. ii. 7,01 11111118 111181 1111111111 01. 1. 8,14. 81111.
111111 01111110 11111111· 1.1.2,10.18,7.Ε111 1.,οῚ Ι
justitio 01. 1. 2110 5 11. 17, 18 1. 2,18 1111111111 8.1. 8, 80
1111111111 Ρ. 100 111111 01. 1. 8, 811; 11. 8, 8. 111111111111 01. 1. 2112
111111811180 8.11.2,11. Ρ. 201 lacte depulsum 01. iv. 1, 15.
111111 01111111 111.7,21.11111111101.11.0, 7. 8.1.1, 8111. 1111148,
S.1.1,51. 3111& 11111. 1111111 w. 11185 111111 11111101. 11. 10, 10
1111111 01.111. 8, 1. 81. 1111111101 011. 1. 118. 17,19;11111118.1.1..1.19
08111110 111222. 8.1.1,20 Ι11111118.1.8,8

11111111

 

