444444. sou

subductum 04. 1. 9, 90 448841 81189 74. 7,10. 8,18.10,17,88,
subegit 88111111 4418444444 8. 11. 9, 917 11. 1, 1. 9, 981844,
4488441 ι8418144 4, 49. 88111, 44888814 881. i. 19, 97, 11. 9, 444ιὲ884840ιό 4411814Ι 1489ω
9 mo s 14 8 4 414 8 .
441444410411118 441041117,11141114, 11119 p '
subjsuts P. 181, 941 11. 19, 4· 11199, 41 suorum 811, 8, 41
4418844184 8, 11. 7, 94 4414 0411. 8, 91, 111, 4, 79, 4444 8. i. 1114
1141ἓ4ῗ4ἁ.“1.61484 14111. ι.Ε 1884141214 118184111411114, s. 44, ι,
9199914911 4144119199 9118119899
448486. ss 41. s, 444. ιρι. appu 63231'1313510 psssas'hissp'mi} 41148888
4444 .ι,, , , ,4,
4481448 ,1,4. 811190 441444 1181. 1. 184 99199 Ρ ¹
4481411 .“.7,99 841144 8.1.9,84 44114 44 44844 88. 1, 91. 17,
448148 1941141 441 hun 8811117 19. 41184 ·
subito . 11. 4, 17. 8, 111. 7, 8411414114 04, 14. 19, 18 supernato 04. i. 19, 98
11 . sum 041119, Ep. 117. supernatis 04. is. 111
4448448444 E 1, 11 19 8. 1, 4, 79. 8, 47. 9, 19, 49, 44844444 04. i. 19, 98. 411,
448 414 4444 4841 71 , 11. 1,74. 1188. 417. 7, 119. spui. 18, 41
44814144 04. 14194, 99 79, 8499, 118111, 11. 14, superat 8. 11. 9, 199
4448141148.11.4,97,8,10 49, 119, 19 .448448ι8.11.9,7 -
4481444 Ρ.984 sums 4444444 .1,17, 44 su 4844 0419899, 11811.
44814444 8.11.4,48 sums 04111111.99,14. 8. 1188
sublegit 811119 ihs, 144, 997, 949, 881. 1. superbum 118489 .
44811444 atriu 04111148 1199 44844844 88. 7,4
441911849Λὸ7 · Ι sumere 041919, 8. 1, 1, superbi c. 8, 44. 881111,
11ὴ41ῃ1οᾱ44418ω4 ¹⁶3815i¹is w· opffipms Em· 18886 ²¹⁵ ¹ ⁴
9411 44444444 041114, 7 superbiam 04111119. 9414
4448114414 44444 881119, 14 ’ sumet 881. 11899, 119, 110 44844814 0411147. Ρ. 901
supanis 881. 11. 1, 194. Pauus} 8081118412 su 484Εο48.11.997,8911,818174,
ΠΜ. ,148 ι 4, ι sus, ·
absumimus 0411197, 91 sumit 4444444 04. 1119,19.44844844Ρο41,19,19.1994,
4484414041111414. 88111. 881117 ιι. 179
1189 suusne 1².oe su 8444 04111490. 8.11ι
4484441848.110,99 4444444 vitm 0414, 14. 8. ,199
4484444181 04111194, 98 1114, 11, 9, 99, 9, 921. Ρ. superbus 88. 4, 4. 14, 18. 17,
11111111114188011’4,9118ἰ4 4414444144 0419, 9. 8. 1. su 44481118 1414211118. 8811
substringam 441194· 9,7. 881111 8,94
subsuta 8. 1199 4444444 44844444 8. 14, 99 superesse Ε 1114198
subtemine 88. 19, 14 444441444144444 0411117. superessent 8. 110, 194
4481114 8. 11. 8, 98, 881, 11. 1, 8. 11. 9, 191 superest 881, i. 18, 198
949 summm 81118490. 8814484419998
44841114 judex S. 117, 191 11198. Ρ.984 superi Dii 881. 111 198
4484441444144 8811194 4444444 4444144 E 1. 119, 91 4484484444 041911 -
48444444 8811. 10, 49 summi 04111, ,49 44 ιιι 04. 11, 99. 0, lu. 19,
Suburanus 44444 88. 448 44444140419119, 111910 9
4484484444 8811. 7,78 4444414444 0411189 su 4444 041199, 11. 8. 11.
448448444 8. ii. 4, 14 summittit 811449 ,84. Ρ.4
4444444444 E 118, 94 summo 04. 1119119. Ρ. 978 44844419444411 8 ,1,99
4444444444 1117, 97 summus 04. 11. 10, u superstes 0411. 9, 8. 17, 7.
4444444414 P. l 444444444444444448.1.9,48 0849
4444144114414 8,11.4,19 summotus .ll‚18 4484448448 ,14
4444144444 8.1.8,99 summovere 411. 18, 91 superstites 8. 4101
4444444444 sii. 4197 summm 0411. 19, 17. 8144844441ιί 441419, ,
¹ ἶ181· 1748 19 t't’o 811897916
4444444 ι. , 44 44444444 .ιι., ,
444414 4111 8, 48 summum 8. 1. 4, 74, 11. 1990. 4448444444 1181. 10, 44
44444 8114, 79 8, 78. 88111199 448444444441181,114,9 2
444444 0841181184 summus 8. 4. 8, 99. 88111, 44844444444 0881879194
sussum ,11 , 44 448444444444 ,
4444444144 Ρ. 449 sumtu 44414 419, lu. Ρ. 41 superveniet 881. 14, 14
444444 04. 1119144. 8.1.4, sumtis Ρ,949 supervenit 88. 119, 170 ,
199 444448481144 04111119 supinus ou.in.2s‚1
4444444 8. 119, 91 sumtum 8. 1 9, 19, 11. 4, 84. 4481444 nusum 8. 117, 98
44 444444 ,4. , ,4. ,1 sumum .1. ‚ ;n. ,· .
d· 81“1918 881“994 p' 8“484”“749

4444414Ρ. 19 sumtuosa 04111 99, 18 supinum Tibur 04111199 ’

444444414444 Ρ. 941 sumtus 8. 1. 8, 89, 114, 89 4481444 8, 1. 4, 19,Ι

44444 04. 1. 14, 19. Ep. 10, sumus 0414. 7, 18. 8. i. 4, 44884444 881101
15.19,7, 8.1,9,19, 149,9,7. susm 4488441481,1.19,4
4444414 1181111189 sunt 04 1. 1, 9. 7, 4. 119, supplex 04141194. 8817,

444444 811117 1119149. 811171. 4,94, 9. 1981111191

049

 

