516 11111111.

111111 omme. 11, 0. Epi. w 01. 1. 1, 10,11. 8, 11. 111111 1. 11. 1,,111 ..
1. 10, 1, 63 ιι. 1, 100 11, ¹5 ii. 1, 1, 0. 8,11; 111. 1111111111 01. ιι. 1, 11. 11111.
turnum 1111118 111. 1.1.1,1,11,11,01. 1118
11111101.11.1,11; 1111. 11811118. 0,10,10,111.111111101111111
1111111. 1. 1111111 111111. 1111111111 Ρ. 1oe ,
11. 1, 01. 1111. 1. 1, 11. 1,111101.111,11.18,11.1111111111 111118. C. 8. 11.
10 1. 11111. 1111. 1111111 1.1.1,11; 11111
..ι 11. 1, 111, 11 1, 11. 111.... 011. 1. a. 1. ..11, 11. ..luminu s. 111. 11 1
28 Φ 111111. 18,11 11111 011 11, 11 ’
Rusonem 1. 1. 1,811 111111101111111. 111. 1, m 1111111 jubet Epl. 11, ffi. 10,1
rustica 01. 111. 11, 1. 1111. 11. mia 01. 1. 11, 11 11111 1.1.0,11
ι, 111 ...10111111 1111, 111. ..lamas plnres 111. 111 1
1111111111.1.1,11 1111. Ep. 11, 11 11111111 1111 0.1.Β
mulionum 01. 111. 11, 11 111111 01. ἰν. 11, 11. 111. 1, 11111111 Ρ. 81
1111111111ρ.1,18.1.11.11; 1. mmo 111111111181. lmus, Ἴ
11.1,1. 0, 80, 111. 1, 18-1ω11111 01111111 11 ’
Ep1. 1. 1, 11. 1,81. 11, 1151111111 01.11.10,0 111111 11111, 10
11110. Ρ. 111 mo 01111111 111.10,1.1111111111.11,0
Rutuba 111110 11111. 1111111111. 18, smne· 1391. 112.oe
1111111111111 11 1111111 Epl-i. 111, 01
1111611 01. 11. 11, 1; 111. 11, 33:513· ἰ1.,1.οἰ,111
Ι · · 1
1. mus 011. 18, 11 ; 1111, 11. mole virgine 01. 1. 221
¹ 111118. 1111.1.11,10;11111111ιιιι1.111,81
111111 0111111 111, 118. 1. 11 1111111101111ῌῖ
111110111111111118.1.0,10 ιαμ 011111, 11 meto 0111. 11. 1111. 111,
111111111110. 11111111101111, 11; ind, 01
Sabelli· ligonibus 01. 111118 1 motum Ep1.i.11,m; 11111
81111111 ρ111111.11.1,10 11μοί111111111111.11,1 11111111, 118. 11 1. 1,
11111111 1111111110 1111111111.1,11. S.i.8‚²5, 81. 11,1; 111, 161,
1111111 01. 10, 8. mn 111. 11 111. Ρ. 101, 118
111. 111111 ειμι 111111 mgni.. 011. 8,1 3111 ι’.
1111111101.1118,11. 111111. sagn 1111111111 110. 11,1; 111111. 1,
111 11311Ρ.118 11111118. 2113,ss-
1111111 agro 1. 11. 1, 118 1151111 01. 1. 11, 11. 11, 125 1. 11. 1, 101. 1, 111
1111111101111111 111111 sanguinein 011111
Sabinum 01. 1. 10, 1. 1191· 1· sagitta 01111110 unguinum 0111. 1. 11
1,11.1,11 1181111101.1.10,0; 111111 unguinis 11111. 11.0
11111111110 111. m 111111101111, 11; 11 10,
unedo· 1. 11. 1. 110 sagittis 01. 111, 11 111. 1, 11 0; 111. 11, 111. C. 111. ⁸1¹¹·
11111· 011111. 1.11.1,1111ι1111111111.0,18 1111. mn
181 1 111111 ,11,11 111ιὶ 1111111111
sacerdos 01. 1111, 1. 111 1111111101.1.1,11,10 1111111 01. 111. 11, 10
1111111111 111111. 10, 10 Salaminia· 01. 1. 11, 11 unior 1. 11. 1, 111, 111
sacerdotnm 01. 1. 11,0 1111 1.1. 10,1; 111, 11. 1, 11111111 01. 11. 1, H
11111 01. 11. 1, 11. 111. Ep. 11. 8, 81. 1111. 11. 1, oo 11111 B 1. 111111
111. 11111111. 8111111111111111.111,11 111111 .1.1,81;111,118.
11111. Pam 11111111.1.1,10 11111. 1.10,1. ΗΜ
111111111011.18,1; 1111, Salerni 11111. 11,1 1111111 1. 1. 0, w. 1111111,
18. Ep. 1, 8 ule· Ρ1111111111 Ρ. 111 11. 18, 10
1111111111 Od. 1111 11111111111111811.11.1,80. 111111 1.1. 1, 110. 111. 0,
1111111111111111.1,1 8111111111 01. 1. 1,1 Q 11.1,118,111,110,111.
nael-mentum 01. 11. 11, 10 111111 11111. 11110 101. 111. sphi. 1, 8, m
1111111 01110, 11 salicto 1111 01.11.1,8 1,11
stom 01111 1111111101.111.11,10 suxerunt ephi 111
uomit Epi. 11. 110 111111 Ρ. 111 upote 1111. ι. 1, 10. 1, 0. 11,
11111101. ι.18,10 saligno 11111 11. 18,11; ii. 1, m. 111.
11111111111111101.11.11,1111111110111.10,11 Ρ.100
neris 1111111111 01. 11. 11, 11111111011111 1. 1. 1, 11 saperet Ρ. 111
Ep. 110. ⁵ 1111111111111111110111111111 111011111. [epam.
”11¹⁸ ρὲιοοὰἰ S. 1.1,'11; 118, 1111111111 1118111111 01111, 115 ¹:131t s , ⁹ Μ
. . ιι. , 11 .ι. ,
nero 01. 11. 11, 10. 11, 105 11111111 111. 0,11 1111111 1.1. 118. 1, 111118,
iii. 10,1; 11. 0, 18. (11.1. 81111111 01. 111, 1 111. 1, 111. 11, 11, 11111.
8,1. 110 Sallustius S. 11, 18 1, 11. 111. 1, 11, 81. ΕμΙ.
snorum 01111. 1, 10- 1, 11, 11111111 Ep. 11, 11 1. 1, 110. 1, 12. 1111111,
181...1,3111.10111.1,11. 11,11.11111ξρ.1ἑ1,ξ1111100 11..1,11ἒ.11113 46 ΒΓΑ
...ἒὲ11 (1.1. 1111. 11. Ep. 11, 11111. 1111. 1. 11111 ⁸³12⁰1¹of21¹¹ssfa ³5 ’Μ’ ’
noeonlo Od. 111111. Ep. 8,1 1111118111111113 1111111111111111. 11115 110,
naculum 01. ι.1,0 saltem 11. 11, 11 18

 

