INDEX. 880

· Paridi· 81111 08. 1118, 40. 8188. 808. 7,108. 211111111881 08. 11. 4, 27. 8.1.

211188 10,41.17,40.1878111.1, 88

1111111 08. 1. 8. 141 111284. 78180 1111111811 08. 1110, 20. 8.
81188. 21111884 11118108.111.8,42.28,18 11880

21111 181118811 081. 111, 8 1111811 S. 11, 88 2111 18, 1111 08. 1. 1,18. 11, 81 111. 2,

Ρ11181111111181 21111828 421820 1. 24, 181 11. 0, 40. 2111.

Ρ1111 2 l. 1. 2, 10 11111181 0811128, 17. 211. 1. 1817. 1874

1111181 08. 1. 88, 28. 2111. 8,21.7,44.12,18111.1,170,111111 08111888. 818111.
188. 1848111880. Ρ. 287 882. 818141. 2111
844 111181 08. 11. 2, 81. 18, 17. 818

. Ρω...ιι1811111.1.1,1 s. 1111. 111111. 1....88181. 1111. 1, ι8. 1,

1111881108.11.7,10 208 41 111. 1820. 811848.
111881181848111888 11111121Ι.1.18,14. 182, 11287
m 81818 08111. 27,1 70 1111181181 8. 11. 8, 01. 2111.
1111118181 08.11.8,8 1111181 08. 111. 18 1, 40
1111181811 08111288 11181881 8. 1. 8104 patienter 21111818. Ρ.
111108.11.17,181111.24,87.1111111 08111. 2188. 811. 271
80, 81 11. 2, 48. (1880. 888. 21111847 11818111 0812110. 2111.
81181. 8, 001 11. 1, 8. 8111811 211. 1. 18, 48. 2818 17, 28
88121. m, 7. 2111. 1, 77. 111811 2 111888 11111881 11111111 ff. i. 7, 40
888. 2207 111812 .1.17.80 11118181 0818,
11111 08. 1. 1818. 18, 801 11. 111111 1 ,11.2, 180 111181 8. ii. 8. 41
18, 281 ιιι 8, 80, 88. 8.1.1111118108.111.28,0. 211. 1. 11111111 8. 11. 2115
288. 8, 02. 0, 881 11. 8, 888 1111111118.1.8,80111.888,
108 11181 S. 11. 8, 87 72
111118108.1.1,20.27,10111.111811121128 1111811 111884 ’
17, 8. 21. 2, 80. 8. 11. 2, 80. 111181108111.18,88; 11.4, 18 1111181 0 . 1. 10. 10
211. 1. 118. 844 11118111 1111 811820 1111881111 08. 11. 8, 18. 211. 1.
111111 08. 1. 8, 201 111. 18, 24. 11111 18811 0817, 80 1820
211.118141111,Ι7Ι. Ρ. 1111111 8118, 48. 211.111,11111·108.1.18,Ὲ. 81878.

177, 108, 818, 828 117 8, 88. 8, 8, 21, 20. 88, 48, 48,
Ρ111111 sugam 08. 11. 18, 18. 11118 8111118 8. 1. 824 8884. Ρ. 24

8. 111, 18 11111 2 1. 7, 88 1111118 0817, 21
21111111 811888. 211111, 111111 1.2,81 111111 08. 1118, 48111. 4,
118288 · , 1111111818.1.2,27.4,02 88. 211.1.14,81ιι.1,81,
Ριιι18ι11108.ιν.ι1,1. 21.11118108.1.18,11 11120, 1011 , ,
7,0. 21111888 21 11111108.111.2,18.10,2111.
21111181 08. 1.·12, 881 1112, 8 1111811111 81888 8110. 882. 2 Ι. 1. 884
21101881 08. 1. 10, 121 11. 8, 1111811881 11188 1111111 081118 01 11. 8, 8.
28 1118118.1.8.18111.888 (1842- 8118271 11.
Parthus 0811. 18, 18 11111881 1118118 08111. 4, 84 2,.108. 211111Ψ· Pgffl
11111811 2811 08. 1. 88, 82. 81111118111188 11111181 08. 111821. 8. 1. 4,
..1111111 88151111. ι1,ι1.1111811111,Ἓξ1136 111111. 81. ...1, 11 111,
81112, 70 111181111108.111.18,7 17η .. .. ·
1111118118100 1111811111 2111118188 1111810111 08117, 4. 81.
1118118888 11118ῑί2118 0811181 182 ..
11111181 211. ι. 1881 11111 08. 1. 2, 2. 80. 8, 8. 12, 1111181881 8. ιι. 8, m, 288
11118 81804 4818821811118181111188118188 ..
11118811 21. 88 11, 48. 24, 27. 27, 84, 87. 1111111 0811, 111 111. 2140.
8111111110... . 11111111·112111111131158....1,
28. 8481888108. 84171, 2288. 8, 80. 1827. 211.
1111811881888111 Ρ. 180 1811 111, 12, 42. 8, 88, ιι.1,172. mse
111111 08. 111. 4, 74. 0. 8. 178. 8, 20, 88. 8, 7. 2111110188 812, 88. Ρ. 87
18 ι .. 8, 84 7, 7, 87. 1880. 10,111118108.11.4,8
, Ἧι 111(1 1111111. 1 11 1871 111811815ιῖ 1111019181. 1111111111 11171114
122. 2111. 7,44 18118 11118110 .ιιι.12,8
11111 8111 211. 11. 2, 200 1111111 08. 11. 81 1111881181· 011· ww· 0.
1111118.,1.8,88 111111108.11.8,84 814, 1. 18, 20. (18.17.
11111 21. 18. 18. 8. 1. 2, 10. 1118111, urb. 2 111880 2111. 1841
211. 1. 8, 28 1111181 211. 2, 1. Ρ. 288, 888 11118881 1111881 81112,οῚ
...11. 11 1 Ι..11...11 ²2⁶· ...18111,.-81
1, 128. 8170 .. 1111181121..17, 48. 8. 118, 1111111 18111211. 118, 70
1188111119·131111..11.11111111...8111111182
’7, 8. 811848. 211112, 1880 patulum 8111818181 Ρ. 182
111 11448 1118188108111828 111110811118. 18111. 8.
1111838111161181 111281111111818 08111818. 211. 14, 88. 8, 88, 811 117, 2.
. .ι.1,82,ιι.2,1,110. 11881887 1188

 

