INDEX.¹ 048

. 11111111110.11.0,0 111111104.1.20,11;11.1,40. 44,01.10,10,19,27;11.1,

. 1111110411. 111. 1111.

1111111 §.imm 10,27ς11.2,00 170. 2, 40,100. Ρ.420
11111111 1.111, 80 111111111011.1.2,14 Pluton! 04. 11. 14, 71
11114111 111111 04. 11. 14, 21 Ρ111111141111 04. 1. 4, 17
12111... 111211112111111’10101911112 “
11111111 1111140102 11111104111224 ’ 11111111 121¹& ⁹
1111111 uxor 04. 11. 14, 21 11111 0 1.1.11, 14 111111 04. 1. 1, 19. 17, 21. t).
11111110411. 12, 12 1111111 g. i. 1, 57. 011. 11. 2, 12; 11. 11, 20;Ι 111. 19, 12.
1111111110.11.0,24 104 01. 14, 0. S. ι. 2, 110. 0,
1111111111 011.1.10,11 11111104.11.14,2 117; 110, 70. 8,82. 0111.
111111 0411. 0,24 1111111111 0. 1. 0, 00 2, 21. 18, 02
1111111 011. 1. 10,2 1111111 0411. 10, 20. 011.11. 11111111 0411. 12, 20
11111104.11.14,0 2,10 · 1111111111.1,11,11.11,111
1111111041. 00, ¹⁰5 111. 24, 14. 11111 04.11.12,0; 111. 18, 0. 1041111 8.,1- 9. 82
111118οῚ27011111111ὶῦὶ4οὡἐ4. g& Ι1993811011. 1. 7, 01. 12,111111111Ε11131ἐ11ὀ12,02
ἰ 11111411 ’0. 1140 ’ ’ 11111111 041.17,15; 11. 4011001 0144001· 111·
1111411111 S. 117,οἷ 111242. Ρ.427 · Ῑ.54,75.207.2,199. .077
1111111111(ἱ 11 Η 11141111114111112 0. 11. 2, 11111111Ι 0118 171,υ 0,11 0, 021.
1111111. 15111 .. 11111... 1111 ulfiam m 1111111.111311.Ι 111
1111111111 Paron 04. 11. 17, 10. 11111111 8.1. 6, 0 200. 27011000, 0421110
,101460111111 11111111Ιῃῃ 1101141111121ἶ wffflhfh 4111111113εὲἶ
plani 1110, 00 0, 01. E Ι. i. 18, 01; 112, 111111 Epi-i· 10501 ii. 2. 17
111111111011.1.14,00.17,00. 84. Ρ. 1400 1111111101ἶ17,19
1111111311. 1,. 11, 1. s. 1. 1,111”...11.1111,11; ii. 1, w 1111011111311111010
m· 011.11. 1, 80, 100. Ρ.1111111104.111.10,4 {mu S· 0001
000 plorat Ο4.11.2,Ι. 0111. 17, {mihist S· 1· 2. 77· 0. ω
101111041128. 111002. 54 11110104.111.24,50.01.11,
11. 1. 0, 08 plorum 011. 11. 1,0 8
111111 04. 111. 0, 02. 011. 1.1111111104.11.0,14 ΡΜ 04· i· 12. 0ος 11. 12,0
18,40; 11. 2,117 11111111 01. 17, 81 1200011110 00· 11· 4. 47
hgonun 011. 11. 1, 70 111111 0. 11. 0, 200 ΡΦΜΙ 04· 12· 5. 04
111111 04. 1. 7, 10 111111 04. iii. 1, 08 Poennu 0411411. 11, 10
mum 04111. 14Β ploro 0411127,οΒ pezzi· Ρ. 001 ·
11111010,οθ 111111110.11.0,247 00011 ominans. 011111,
11111110 1.1.7,41 1111111.1.1,41.11,11 120, 211. EUM
1111111011.1.2,4 11111104.11.10,2. 0.11. 2, 110019 nomeu 04· iv· 0. 00·
1111111110.11.7,27 28 0.1. 4, 02. 10, 12. 011.11.
111111111111111111011.1.17,59 pluma 0411. 20, 12 l. 201. Ρ. m, 400
111111104.11.11,10 11111111 0 ,5,20 0000110041· 1001110.
1111111111110104.11.10,4 1111111011.1.0,10. Ρ.2 1ος11. 1, 219, 247. Ρ. 280,
111111 E 1.11. 2,71 111101111111118.11.0,18 000
1111111 .11.0,11.4,0 plumbum 04. 1. 0420. 1111. 11011111 0. 1.4, 42. 011.11. 1,
11114111 0.1.10, 70 1.10.20 182. Ρ. 007, 444400
111141101.11.1,80 1111104100, 0;111.10,21.11111111110.1.4,141. 10,07.
1111111. 11511 11 111. 11116111 1111ἶ11111ῗ1. 1. 1. 11. 1 1. i. 11,
1111111·Ι .11.2,100 011.1.10,40;11.1,118. 2,· 4; 111, 41, 01, ,2,01.
11111111 .104 17,148, 102. Ρ. 004402 0200
11111111 04. 1112410. 0. ἱ. 111111 041. 11, 4. 02, 0. 111. 11111111 1111111 0 Ι.1.10,44
442 4,24. 142. 4104100. 4100111414, ;11.0,8. Ρ.
1111111111 011. 112, 74. mm 201 11. 0, 149. 5, 44. 0111. 4204072400
1116111711 04. 1. 20, 4. 0111. ῗὲὸῇ. 20,10; 111,180,1111121111181ἓ11111011.1.7,02;
11. ,
114111 011. 0, 180 1111111111 01. 1, 20. 0.1. 0, 70; Polemon 0114204
1111111111 11111 Ρ. 270 11. 2,100. 011. 1. 5, 28; 11101111 P· 242
Ρ11111Ρ.04 2,212 1111111 E 1. 1. 111,οθ
Ρ111111011.11.1,00,170 1111111104.11.1,21. 0121101111 [ms
plebe 0411418 100. 011117,οῡ 1111111104.11.0,00 .
1111111111 011.11. 1, 180 plurimum 04112, 00 pollicitus 04. 1.15, 02. 29, 10;
11101111 0114180 1111111104.1.7,8 11.0,0. 011.1.7,1
11111104.11.2,10. 01410 1111110.1.2.120. 414071201Ιί1101111414. 011.10,
11111110. 11. 7, 20. 01117, 22ςί1.0,000 4280
00. 10, 07 1111104118, 10. 80, 11 111. 1111111111· 041140, 21
11111104.111.14,1. 111111, 7,24;11.14.10. ᾖ 1,22. 1111111 04. 111. 0, 9. 29, 04..
00 0. 1.1,40, 48, 00, 279, 011.11.1,0
1111111111 04. 1. 20. 27 110. 0, 02. 4, 10. 0 1. 1. 2, polo 01. 17, 77
111111111111 S. 11. 7, 105 20. 10,10, 00. 10, 10. 14111111 04. 1. 21105 11120, 44

 

