INDEX. 480

1 0011140 011114, 10 10,41· 11.8,17.0,08.7,118.001011110011 8.11 8, 88
oon-u· 1. o . 11111, 11 11,11; 0111111111110001. s, 11
0011101110 8. 1. 8, 70 0001101 Ρ. 80 0010101004 8 1. 11. 8, m
00111 8111 11. 8, 88 00011001 8. 11. 8, 01 0001101011 0¹. 11. 14, 0
00111011 8111. 1888. 10, 473 001011 01. 1. 80, 7. 811010010ρί1οω 8. 1. l. 181

11. 188 10, 88, 881 11. 8, 78. 811111. 0010111101 8. 1. 1, 78
nonanto· 8111. 1. 18, 18 8, 188 compito 8. 11. 8, 08001. 8, 80.
0011004111 8.1. 4, 81 0001011010 01111. 1,11 0111· 1· 1. 40
1101110100 uomitum 01. 1. 88, 88. 81111. 0010111010 8111. 1111017· ¹³·
0111101111 8111. 18188 18, 80 808
001111118.1.8,1 00011101 01. 1. 7, 081 11. 1100101101ῑίῐὲ .8,0
0011011110 01.1.1,4 181 11111181 11.0, 18 10, 0001110101 . 1. 8, 48
ωῃθδῇ ΕΡΙ. 11 18118 ιο 81116190 '¹25¹ 1108112 oonplmfl s· ¹⁸ ¹⁰) 87
001101 01181181 11. 18, 18. 0010111 8111118 0001110110 01· ¹¹¹· 17. 11

C. 8. 7. 8 1118 0000011110 P. 808 componore 01. 111. 80, 88. 8. 1.
001118101118118 0000101118111.118,7111.1, 1·100·1.0·1,Ἠ;11.1,88. ·
0011180101.11.8,80. 81110, 801 8, 77. 8111111111,

8) 0001000111 8111. 1. 18, 78 881. Ρ.

00111 811181. 8111.11.1,0010101010481>Ι.1.18,81 00 00 81111. 1, 181 11. 8,

’ 110ο 0001010011 8.1. 1, 48 01)θ ..

. 00111111 81111181 0001010111 8.1.8,00 00011100001111·0·1.0.8,108

’ 1110111 1111180. meo 0001181111 Ρ. 001 comportatio 1118. 00

’ 0011101101.1.18,181 0010101ιί110 Ρ. 108 000111οη01 8.11. 8, 104
0011111 8111 1. 8, 7 0010011111 01. 1. 8, 111 11.14, 18 00101101 Ρ. 70

, “ 00110 01.111.8,18. 8111810011101111 8. 1. 8, 08. 4, 84. 0001000110 00· ¹· 0. 10

811. 8, 088 81111. 18, 70. Ρ. 200 0010110ιί111 01. 11. 14, 88. 8.11.

‚ 0011011108 .17,88 0001101111 0111. 0,11 1· 110

ς 1101101010 .180 0000111010 01. 111. 87, 80. 0001100000 8· ¹· Η)

* 0011111101. 11101801 11. 8, 81111888 000101100811.11.1,77

; 11. 8111887 000011110118111.11.1,Ἁ1 0010110101 s.i.9,oe; 11.1,8
00111111 .1. 8, 80 conmittere 01118, 81. 8110010οΜ01· 8· 1· 11100
001011 0101010111. 1118 4, 88 000101011101.1.04,18

¹ 001010 011188 0001101801 8.11.7,87 0001ῑί ¹¹· ¹¹· 8. 70

¹ 0010001118.11.8,118 comminianus 0001100 00100113
colonos 0d.i. 11, 0 8. 11. 1, commixto 011011 comunt 001- 6.⁹

85 0001111011 8. ii. 8, 78. 8111. 1000010010 0111114, 84

¹ Colophon 8 1.1.11,8 14, 87; 11. 1, 8. 8, 70. Ρ. 00008100 S· ¹· 180

· 01101011. 1811181111. 178 0000011110 8.1.4.140,148111.

10,4. 18, 17. 8111110. 17, 0001100114 1. 1. 1, 40 8, 808. E 1118148

81. 8. 11. 1, 80. 8111. 1. 17, commodis 0 ,111. 10, 18 00001111 81111. 7, 18

l 88 0001οι01101 8.1. 81101 11. 8, 0000011 Ρ· 000

1 00101001.11.4,8. 8,18 01 0000111101 811. 15· 10

ἐ 0010111 01. 111. 4187. 81110010010101011181. 81111. 0000001010 111111· 11. 01

. (11811188. PM 1101111007. mov 000001118.1.4,,118

¹ 001011 Ρ.888 001008111811148 0000011011101.1.88,18

³ coloribuo Od. 11. 8, 7. 811. 1. 0001010110 8. 11. 8, 878 0000011110 Ρ. 818

m) 0010100101 8. 11. 8, 800 0000111 8. 1. 8, 14

¹ 0010111118.1.8,48 0001010110 01. 11. 18, 14. 8.1.00001118.11.4,Β

1 00108111111111101.1.17,8“ 8,Ιο 00001111 01. 11. 188
0010111οι 8 .10, 88 0010011101 8.1. 1001 11. 8, 80. conchyli· Ep· 8, 10· S· 111·

i 0010108110 1. 11.4, 88 11111. 11. 1, 188 74. 4, 80. 887

ἰ colombeo 01. 1. 87, 18 0010110011 81111 8414. Ρ. 188 0000111101.11118,11

ὲ 0011101111 81111188 00000018018111.1.10,84 00001101101.1.18.80
0010108100 8. 11. 4, 88 000101οη1101 811. 18, 18. 81111. 00101110 01111. 1,4

. 0010111811 01. 1. 8, 10 8,18 00001001 01. 11. 8, 88, 41

1 columen 01. 11. 17, 4 00001111 8.1. 4, 8, 48. 10,18. 0000111111 8 11. 118
0011111011 Ρ. 878 8111111100. Ρ. 08. 281 0000100101 811. 11. 1, 74
0010100110 01. 181114 0001111111 1111110 0000111101 8.1. 1180. 10,88
0011101011 01. 11. 18, 4. 8111. 1. comparet 8.1. 1, 118. 8111. 11. 000οῑ11000 0¹· ¹¹· 109

10, 88 ,1, 88 0000111 01. 111. 18, 10
001001 8 111.1,7 0010111111 01. 11. 118 concitet 01. 1. 88, 18
oona 0 .1. 8181 iii. 10, 88 com 1 01. 1. 88, 141 11.11,00001110 8118111
100001.11.8,11.1,0.10,8 . EA. 4. Ep!.i.⁸‚8 concludere S·i·¹.⁴⁰
0001101 01. 1. 8, 41 11. 11, 841 0001011811 8111. 1. 18, 77 000010111 8.1.4, 10

1118818. &Ihm 0001011101 8. 1. 7, 81 000010101 8. 14, 78

ἓ 000111 0111181110. 811111001011111018 Ι. 1. 7, 84 0011001111 1110011 8111. 1. 18,

¹ 1, 110 0001011101 ¹. ii. 8, 807 10

1 0010οι80101 01. 1. 8188 1101111110.1.0,10 0000101011 8116141
0010110011 8 Ι.1.7,19 0001110114 811111. 1, 18 0000011110 Ρ. ³oe
0011010114 11111 1. 18, 40 00111111ωο01 8111 1. 18, 18 0000ορ11011 811110
001001 01188811 1188100111 ooo 011. 18, m 11. 0000011011 8.1.8,48

81).1,17.8.1.8,8.0, 108. ,a 811 i. 8, 88 0011001111 8111. 11. 1808

 

