524 INDEX.

1151118.11.2,128. ΕΡ1.1.15,1.11105.1.7,22, 111. 21, 15. mom 111115. 1

48. Ρ.4115 ΕΡ.5,88 1521114. 14,5. -” .
1111 5111111 05. 1115, 1 Lycto 0111. 17, 1 1. 5, 51. 5, 27, 51,
1111111111 .5,28 1131111111· Ε .5. 18 47. 5,45. 15, 81, 11.
lugubre· 5.1.24,2 1.]1111111111111.115,25 5, 58, 41. ,a 8,
lugubri 05. iii. 5, 51 Lyae 05.111.15,1 , 11.18,1,2 ΕΡ1. 1. 1, 8. 7, 5. 15,
lugubri! 05. 11. 1, 88 Lycen 05. 1115, 25 5111111111 811. 5, 81
1111111118.11.8,51 11)’11115111111105.111.4,52 1411111811151. 8, 1 28.
11111111 ΕΡ. 11, 22. 8. 1. 5, 22. Lycia Od. 1. 8,15 ΕΡ1.1.15,25

5,155 1111151105.1.4,15 1111111111111111051. 2
1111111 ΕΡ. 17, 44. 8. 117, 88. Lycio 0111111 8.17,17 Μιο1111111111111 0111 .5, 5

ΕΡ1. 112, 58 111111111111 ΕΡ. 11, 24 Marium Ep. 15,2
1111111 placido 05. 11. 5, 2. hyon Seni 0111111124 magicos ΕΡ1. 112, m

ΕΡ1.1.2,85 1111111151 05, 1.85,5 11ς1105.1.25,11,18, 1112, 1
1111111511 01111828 11]111105.1.82,11 27. 15,85, 1115, 5. ΕΡ. 1,
1111011.1.12,48, 11. 5, 25. Lycurgi 051115, 15 21. 255. 12,28. 8. 12 85,

11,15. ΕΡ.15, 1. 588111110111111128 124. 8,142.5,85.9,50 58.

8.1.8,21 1.]11105.111.11,7,25.Ἐ,5 15, 58, 11225, 8 ²

11111 1111111111 05,1. 4,5, 1111111111 01111. 11, 22 57, 518, 515. 4 15,55. 5,·1· .
28,2 111101111111118, 115. 8,17,45. Ep} 17,48
111105.11.18,15,111.15,51 1111117 15,25.15,27,11.1,248. P.
11111118. 8.11.4,55. [1,5111 01111521 55,852
ΕΡ1.1.12,18 1.,511111111105.11.15,85 1111511111 051115, 81. ΕΡ1.1.
lunam Od. ii. 15, 5. ΕΡ. 5,1.]11111118.1.5,1 2,54
45. 17 ,78. 8.1.8,55, 11.8,1]11Ρ111 05. ii. 5, 12. 11, 2⁰. mgistn 8112128
52 ΕΡ. 15, 48. 8.1.5,24 magistri 8. 11. 5, 257. ΕΡ1. 1.
lup· rm 05. 111. 27, 5 lympha 05111. 11, Μ. 18, 15. 1,14
11Ρι11111111105.18,5 ΕΡ111. 2,145 magistro 01111 11,1. ΕΡ1.1.
11Ρ111Ρ.5.55. 811142 lymphatam 05.1.87,14 18.18
11Ρ111118.118,182. ΕΡ1.1.7,1]11,111118.2,27. 8.15,571111[11111·111Ρ.415
28 lynea· 0 .11. 18, 45, 11. 5, 111111 05. iii. 8, 5, 72. 5,85.
11Ρ1105.1.58,8. ΕΡ.4,1.7, 54 24, 21. 8.1.8,18.4,44.5,
11. 15, 25 Lyncei 111111 S. i. 2,55 1. 5, 45, 55. 7, 81. 8, 55. 5,
Eupo 8.11.1,58 Lynceus Epl. i. 1, 28 75, 111155. 8. 817. 4, 78.
11Ρ1111151111111118Ρ.2,55 1]1105.1.12,1.21,12,11 5,12,27.5,85,154. ΕΡ11
Ι1Ρ1111105.11.4,55 1122, 111. 15, 25. 21111, 1, 55. 15, 52, 11. 1125. 2,
11Ρ1105.117,5. ΕΡ. 5,2. 11.15,2. ΕΡ. 5, 5. 17,55. 255. Ρ. 14
12, 25. S. ii. 285 ΕΡ1.1.18,48 111 ae 01.1.11,87;11.1,1.
lupum 011. 1.15,85 Lym 05. 1. 5,15. 15,5, 111. .11.8.55. ΕΡ1.1.15,42
11 un Od. 1. 2211, iii. 18, 15. 855, 11.1,22. 5,28. ΕΡ1. magum 011. iii. 27,74. ΕΡ11
1111171111111111111 111111 mm& 11, 11 ...11111 0111111, 11 s. 111.
28 Lynppo ΕΡ1. 11. 1, 245 15, 55
111151 ΕΡ. 17, 22 Magnetum 05.1117,18
111151 1111111 05. 1118, 15 mgni 05. 1. 15, 5. 12, 55, 11.
1111511105.111.4,74 5,55. Ε .5,54. 17, 48. 8.
1111111113.11.1,111 51. 1.1,55. 72,11.4,
111111Α1115118.1.5,84 1111111818122. 5, 28. 5,
1111111 8. 115, 45 4, 75, 11. 1, 75. 7, 11
1111111105.1.82,2 MACEDO 05.111.15,14 1111181. 1, 51, 55. 2, 75,
1111111 ΕΡ1.114,55 11111111 ΕΡ1.1.15,81 ,121, 128. fi. 75. 8, 55. 5,
1111111 81111214 11111111 S. 114, 75 55. 15, 52, 11. 2, 85. 5, 55.
11111 05. 111. 27, 55, 11. 5, 5. 1111111111 S. ii. 5, 225 7, 55. 8, 85. ΕΡ1.11.1,258.
⁹ ΕΡ1.11.1, 148 11111111ΕΡ.14,15 Em
11111105.11.1,5. 811158 1111111105.1.18,8 111Ρ111111 11111111 ΕΡ. 15,8.
1111111111 0111112512 1111111111 Ε 111. 2, 75 818155
1111111115105.11.14,87 1111111111 d. 14,2 mn 1111 05.1.2,45,11. 1, 21.
11111111 05. 114, 24. 0. 8111111105. 1. 5, 55, iii. 27, .1.7,88;11.8,45
ἱ 57 55 mgnum 01111. 15, 14, 1114,
lusum 11 1111111111 S. i. 5, 48111111 Epl. 1. 7, 85 45. 21, 42. ΕΡ. 5, 87. 81.
5,125 1111111111 ΕΡΙ. 1. 2, 57 4, 15,51,115. 1152. 7, 21.
1111111 81. 15, 57 muro 1 11118.1.5,71 5, 45, 52. 152), 2, 85, 55.
Ι11111Ρ111118 .15,1511111181.5,72 5285. 5, 75. ,285
1111 ΕΡ1.1.2, .11, 11 11111111ΕΡ1.111,181 111Ρ1118.4,15. 81157,
lutulenta 811. 4, 85. ΕΡ1.11.11111111 05.1.15,15 112157. 5, 55, 54 5, 1
2, 75 111111 nto 8. i. 2, 51 magun 05. 127, 22. Epi. 111,
lutulentum 8.1.15,55 1111111111 8. 1. 5, 85 215
1111111111 8.14,11 munuli· Ρ. 552 111111 11111 8,11.5,5
lux S. 15, 85, 11. 5, 55 maculosum 011115, 22 151111 111111 05. 1. 2, 48
1111111118.11.8,75 1111111105.111.21,5 1111111111 0111. 15,15. ΕΡ1.

11111118118114. Mu 11111111 0111112515, 11. 11. 1,258
1111111151 ΕΡ1.11.2,122 12,11.17,5.25,7,1118,15,15, 111111 05. 1. 5, 15, 11. N, 4,

 

