. INDEX. 588

neu 01. 1. 2, 51. 88, 2. 85,14. nimium 1111110111. 125 nocentium 01. 1119, 42
86, 11, 12, 18, 15, 18. Ep. Nioben proles 01.11.6,1 1111111111 Ep. 8,11
16, 27. 8.1.8,166; 11. 5, 24, Niphaten 01. 11. 0, 20 nocere ΕΓΙ. 1. 18, 81
87. 1111111110 Nirea} .15,22 1111111 Ερ.1.2,55
nove 011. 2,47. 1111818111 1111211, 18 1111111101.1.18,1ο
1111111126. Ρ.189 111101111814. 5 118,1111101.111.7,29.27,81.26,

neutram s. 11. 111 111. 11111, 13111, 11, 111, 11. 111111.
...ιω 01111 1 11. 111. 111. 1111... (1111. 1111111. 11,.1.

111 01. iv. 6, 21. Ep. 1, 8. 8. nim 1111111Ιί151 01.,11. 4, 1. 2, 82

1.1,41. 2, 95. 1,11.1,11,1111111111.1,11 noctem 01. 1. 9,10. 11 .17.

47; 111185,111158.1,111.111111,.1.1.1,11 25. S. i. 4, 52. 5, ,10,

118. 8,110. 1111111111... 01. 11. 5, 18 88. 11111. 5, 11. 18, 62, 11.
1,188. 2, 54 1111111101.1ν.5,8. Ρ. 851 2101

nido 011110. 8.11.2,49.11111111110111110,11.7,7.11ο111101.1.25,7;111.7,7.
1111112121 8.11.2,4 11111118. 8.1.1,16. 8,

nidore 8. 11. 2, 19. 7, 88 nitentia Epi. 1. 8, 25 17·, 11. 6, 65

nida· 01111114, 11.12,5. nitere orto 11111111 11011111111110111.0,88
,11111116 nite· 11.5,18 11111101.11.8,11;111.19,

. ngger Ep.10,5. 8.1.4,85 1111115111 Ρ. 150 10

111311 8. Ξ, 5, 80,ἱ 8ἑ828 s Δ 111Ἓ1,01.11.11,,,16. 8.11.5,12. noctu 1111,ῐῆ 11111.11.2,,,27,,,9
nigra-0 .iv. , . .i. , ,,ρ.1.10,1 nocturna .11.4,52. .·
11111110 01. 111. 27, 28; 11. 121111111121111. 8, 214 1111111111Ε ..1151111
11 1111111 11 1. 1. 1182 nocturni 1116, 166
nuit-¹11 (ἒά. 12111821ἰῖ ἐξ, 11111ἓ114ἑ11 ii. 12, 10. Epi. i. noggurniu 01 111. 16, 4, 11. 1,
o. 11,11. 111. 1,11.’ 1111111911111111. 11111111... 01. 11. 1, 11. 11. 1. ·
1111. ο1,.,1.11,1,1.1111,111111111118111,11111111111111111.1111, 11. 1,
121³2¹1i⁶12111112²50²1 11 1111111111, 11 ...1111111 1111, 11 11. 1,
..13111151111111 111111111.Ῐ11,211111.11,1 11111.. 1111111. 11,.1. 18,
:1⁸¹111331'f'13 131⁶. s. 1. 1, 1111111 1111118 ..1151911111
, ,8 , 111111 01111. 28, 9. Epi. 1.1ιο11101.11.11,,24. 19,19; 111.
..110111111111111 m 1111. 1111111
5; 11. 16, 27. 18,11; 111. 28, nivalibus Epl. 1.11, 18 nodosa 11111. 1. 1, 81
18. 27, 81; 11. 2, 87. Eg. 11111111 011, 1.87,10,,,11111511 8. 11.,8, 70
11,1. (1.8. 11. 8.1.10,5 nure 01. 1. 9, 1; 111. 25, 1011011111 01111. 21, 22
11.1,79. 20. 8, 92, 118. 26, 10, 11. 12, 4. 8. 1. 2, nodus P. 191
116. 6, 8, 57. 8, 57, 94. 166, 11. 8, 284. 5, 41 noles E 11. 2, 84. 7,25
11 1.1.2,46. 15, 18. 18, 58; nivet 01. 11116, 7. 24,89; 11. 111111 11 11 16, 69. 18,28
1114115. 2,18,71,151. 7,1.18,12. 111.2,80.8,11011111111·2.35
,1,’.122,287,885 ,7.18,2. 11111116 11011111 8.1,.,1,10. 228,
11111115811, .5,87 111. 8, nmo 0111. 4.8 1101110111121. 8. 14, 140.
5258, 270. upum, 58 5010181280 11ρ1.1.1,,81
1111111111. 8, 54, 210. 8, niveum 01. 111. 27, 25 110111 8. 1. 2, 5, 10, 101 Ρ.
,41 11111110111.2,50 468
,1111 011. 7, n. 12,17. 28, 9, nivi· 11111 011. 2, 1 nolito Ρ.427
1131Μ1ῐ 11”11’21’15’”111 01111Μ δ’ 5⁵⁸ δ’ ιιο11““1ἰἰ’·611’7 ’19- ·· 1 1 1
1311111111. 1111111111.) 111. i. 11, 11, 111. 11, 11111 1111, 11 ¹ ' '¹' ' ⁵
0110111158. 7,162,111, 18; 11112. 11 ,0, 29 1011111101. 1. 12,4. 14, 18; 111.
fito. 1111111011.11,11 1,16. 8,15. 27, 85, 11. 0,
Nilus 01. 111. 8, 48; 11. 14, 48 nobilibus P. 259 80. 8, 18. 9, 47. 15,18. 8.
1111151101.11.4,7 1115111101.1.1,5.8,12.14, 12121142· 111111,
nimbo· 01111111 11, 111. 11. 11. 11, 1, 1..1, 11. 111. 11,.1. 1. 1, 11. 1,
nimio 0111815. 88,1. Epl. 18. 11111111 98. 1112. 17, 41 ; 11.1,18.
1. 10, 86 1551111111 01.111.18,18;11.12, Ρ. 59, 258, 299, 466
11111111181121011120. 15. 1111111189 Nomentum) 8.1.8,11 ,
1111111. 14,11. 15,42;1111111 2119, 86. 8.1.1,52.8,11111111111111118. 11. 1, 22. 8, ,
11.2,141 22115. 85112118, lma , ,
nimia 011. 2, 37; 111. 7, 14. 29. 1125111. 1, 91. 2, 55 Nomentanus 8.1.1,102; 11. 8,
24, 52. 8.1. 9, 6; 11.1,1.115111ω11118.1.8,57 28,25,60
111115, 20. 7,01; 11. 1,60. noceant S. 11. 2, 72 nomina 01. 111. 27, 701 iv. 2,
2122. Ρ.205 1151111 8.11.1,44 4. 1121111164. 11111.
11111ιί111101.1.2,17.19,8.22,111115111111111ὤ 1. 150. 1,),51284 ,
21; 11118. 10, 8, 28; 111. nocendi Ρ.284 nomine 01. 111.21,5. 111117,
8,58.8,’1’0;11.5,2. 8.11.1111111111ρ.16,58 59. 8.1.1,60. 265181
188. 1⁴11. 1. 118. 7, 48. nocentem 0111. 14,15 112188. 1111115116,
Ρ.28, ‚mm nocentes 111151111122 81

2.
4.

 

