408 INDEX.

011111111 11111 dixerit 8. 11. 1, m· 5, 07. 7, 0010 8. 11100
01111111 odii. 17,15 · 17 00101 Em. 10. 8.1. mn.
0111111101 00. 1. 10, 10 dixero 8.1.4,104 81118,οὓ
01111118.1.1,1,100. 1111111111 01111110. 8.1.10,1,0110118. 1. 2,10; 11.1, 80.
8,08 10;11.1, 81. 11110, 7. 8111155
011111118.1.1,114 10, 41, 11. 8, 2⁰ 00101111 Epist. md„ .
011111011111 1,11. 15, 10 .. 0111111 01111111 8.11.1,0010111 8181111, 11.1, 201,
d'iism ⁸¹'' ⁸' η’ ⁵⁵ ¹¹⁸ ¹' 11111111οἰ11 iii 1⁴1¹iv 11, acidius up. 11,11. 11,1. i.
0111100.1.10,14.11.10,11. 15,70;11.4,40. 811148. 17, 57
1,81.12,8Ι.18,10;11.7, 111111. 811118400101 214
15.11,21.12.24. 8115, 11,ω.10,11;11.1,100 001011 .11.5,70
10. 11,1. 1, 85,05. 8, 11,74. 01 111. 17, 1. 8.1. 8, m 001011 00.115,88
1,124. 7,4; 11. 1, 50. 1,0001111.1.17,10 001010 00.11.1,8;111.87,85.
108. d, 14. 0,12. 8111. 001111 .1.1,01.0,77 8.11.5.1
81100. 18,24,· 11.·,185.00111108.111.01. 11800 01111118.111,07. Ephial.
Ρ. 421 0011101111 8. 1. 0, 70 150
0111 01111111 00111011 11 1. 1. 14, w. 17,1 011111 00. 1. 10, 10
0111011 11111110. 81111. 14, 00111111 od. iii. 7, 10 domabilis 00. 11. 14, 41
11 001111111 00.11.10,8. 1111111111.. 00.11.2,0
01110111 001110 80. 17 domni 11 1. 11. 1, 18
divideret 8.1.7, 18 00010 8.11.1.81 011111 0 ,1.87, 14
0111011 00. 1. 15, 15 011111 01111. 0, 81. 80111. domesticu Ρ. m
dividit 00. 1. 10, 0. 8.1. 1, 8, 41 01111111118.10,188
114 docilem 8111804 domi 8.1.1,07; 1111111,
0111010 81111140 0011111 adad 11. 81111. 5,1. 1144. 10,
011111 00. 1112110. 8.1. 0, 001111 G. 8. 45 10. 81811 11. hm
d'⁸'⁰ ; iis. δί, odida 818 οοἓ1111 {idssbiiiilg-i 15 11. ii, 41. 0041111111 00. 1. 82, 88. 8. 11.1,
mna .1.. ,11. , . ,
01111111 8. 11. 5, 00 01111 00.111.0,18. 810801. 00111111 8. 1. 5, 55. Epi. 1. 8,
divinior 8. 1. 4, 41 11. 1, 185 85
01111118.1.0,114. 11400 00011100.11.11,7 dominu 00.11.8,10. 11,11;
01111 00. 10,ος 111.1,18. 14, 000111111 00.1.1,20 111. 87, 653 11. 14, 44. S. 1.
0111.8,51.5,1 0011100.111.8,5. 1111178. Mi
0111111101 8.1.5,5 4,88. 1111101 dominu: Od. i. ³⁵,e
01111118.1.1,100 · 0111181. ,7. 81111. 1111111111· 11214 1
01111118.118,78 117 0011111100.11.11,18. Epi. i.
01111118.11.1,100 001111100.111.24,50. 8. 1. 0, 8,48
011111100.11.11,1 51 domino 00. 1115, 8. 8.11.5,
011111 00. 11. 8, 5. 8. 11. 2, doctissimus 8.1.5,1 18. 0,14. 7, 1,110
101. 11 1.1.15,10;112,11,0011111 1111111111 dominos 0d. ’1 1, 0, 11110.
121. .400 00111100.11.0,85. 8.11.7,11 8,174
01111111 00.11.18,11 0111111181. 1,20. 0, 88 dominum 0011. 4, 0. 14, 84. ,
divim 111111 1111111111. 1111111, 11,1 1110. 1110. 11.11, ’
divitie 0111121111. 11111. 00 118, 1118
18,ος 1112018155 0011111100.ἰ1.4,11. 1111.1.0011111100.111.1,15,18.10, =
0111011111 11111118 18, 100 85. 8. 11. 2, 08. 8, imm
01111111 00. 111. 1, 48. ael. 0111111 8.11.4,1. Ρ.118,474 7, 75. 8,(11. Epi. 1.18,74
8. 11.Ι 8, 101. 5, Ἠ. 8, 18. 001111 00.1. 8110.1 0. 8. 75. 0011111 01111118
1111111111 1110, 11· 11.1, 18111111113811311811110ίὲ
27. 8.11.4,87. 111111. 1100011111 0111. 4, 8. MSS 0011111100.1.12,54; 1112,

01111111 00. 11. 1, 20. 8. 118, 00111 11δ1. 1. 11,1

mai. 11111110 docuit 11.8,50.7,45.8,11.0011111100.111.8,28.4,71
0111111 00. 111. 84, 2. Epi. 1. Ρ. 280 domo Οο.1.1.80; 11.1, 17. 11,
18,11 0011111111 8.1.4,110 21. 18,8; 11. 5, 18. 18, 81.
divitum 00111110. 11181 0111181188 11101. &ii-dm. 102.
0110 011. 11.8,211; 111. 2, 5 001111 00.1.18,1 11111111 9,4. 18, 111 11.
0110111001.2,25;11.5,28 0011118.1.1,75. Epium l. 104
01101 00. 11. 8, 11. 111. 1, 111. dolendum P. 108 0011111 00.1.15,10. 88, 5. 15,
4,47; 11.14,11. 8.11.1,01110111100.111.Ι,41;11.4, 81;11.18,24.18,18;111.1,
mmmm& 1².oe 02 ’ 22. 0.]8. 15, 0. 84, 10. 211,
01111118. 11717. meo 00111111811.12,11 17. 80501. 8111, 14.
011110 11 1.1. 10,11. Ρ. 800. dolentibus P. 418 8111. 1,150
diurnos pi. 11. 8, 70 00111111 8111117 0011111811οΛ
0111111100.1.18,10 00111 01111471. Mi 0011111 00. 1. 0, 8. 15, 5. 80.
0111111 8.1. 1,117 Dolichos Epi. i. 18, 10 14; 11118. 10. 7· 11.1, 0.
11.... 011. 11, 11 dolio 1,.. 111 , 1,11. 1 ,1, 11,11. s, 11
01111 00111118 001118011815 11,20. i), 10191- &S-
1111111810,οὅ 0111111111.15,11.8.1.8,118 74. . 4111
0111111 8. 1. 4, 411 11. 1, 220. 0011101111 d. i. 10,80 .
1100. Ρ.47 dolium 00.111.11,87

 

