INDEX. 821

1111111118. 111188 111111 1111111111 S. 11. 8, ffl 10111101 011. 1. 82, 18
1111111οι S.1. 4, 78 1110 0101 01. 1118, 28. 1111. 101101 001. 1.19,18. 8111. 11. 2,
11111111811818187-110 8, 12118172 211
128 111111 01100111 8. 1. 8, 81 101110 Ep. 5, 84. 811. 1. 1, 14.
1111011111 811189 100110 011. 111. 1141. 2112 Ρ. 898
11011811084181 Lebedum 81111. 118 1001001121, 17, 111128.
11011811 111111 18, 89 Lebedus 1111. 1. 117 18, 8. C. 81182. 811198
11111111811.118,811 1001181188. Ρ. 411 10111 0111111128
1111111111 01. 1. 7,1 100111 1111101888 101110 0111101011 01. 1. 217
11111010 01.11.2,17 10011 nonum S.ii. 8, 41. 811. 1011101 01. 11. 19, 811. 8. 118,
1101111811.11.2ζ1118 1. 18, 11 47. 81111811827
1101111101 01111. 1, 27 1001101 8. 1898, 118, 214 101101 1101011 811. 1. 11188
1111111101 01. 11. 8, 28 1008181188, 118112. 8111. 1010 8. 11. 8, 281
1111110 8111. 1. 7, 78. 9, 8, 11. 1. 8,1 1000111 811. 11. 1, 172
1, 2119 1001110101, 81. 1,81. 2, 129, 10111 ,1110111 811. 2, 78
1111110181.9,18 118, 77. 8111187 101111 0111. 188. 81118
1101111 811. 1198 10010, 00118. 18, 122 10111111118.1.11.84
1001111018.12,88 100101811.1.19,88 1011011110 01111828. 811.
11111181101111 01. 1. 18, 8. 8100101011 Ρ.844 1. 2, 7, 112ω
112, 28, 88. 7, 22, 88. 8111. lectori 8111111214 lentum 01. 11. 118
1111. 1111. m lectoribus S. 118, 74 1011101 amor 01. 111. 12, 28.
1111111111 811. 1. 7, 87 100101 8. 118, 108. 811. 11, 811. 11. 1178
110111 01. 1117. 81. ,9. 911878 100 01112818 ·
2, 84. 7, 28, 118 78. 1111. 10011111 S. 1. 4, 188 101010111111, 111, 18.
1.1118,111.114,88. ,1110011111 Μ1111001101. 111. 21, 81181118
1111110011111118.11.8,78 8. 81. 828, 11. 11, 171 1001010111. 1889, 11127,
11111101· Ρ. 178 10011110111111811.1.1,87 82. 811828. 1888. Ρ.
1111111010 Ρ.488 [eodm 1010101.1.12,28 898
111111181111. 10, 4. 1111. 1011118188 1001011010 11111- i. 1, 70
1. 111, 28 10111 8. 1. 4, 28, 11. 8, 87 1001111111 817, 11
11111111 811181 legati 81. 829 leonis Ο1.ι.111,18;11.19,28,
1111110118111,111 legatum 8111188 1112810. 811. 1. 11118
1101111010 Ρ. 271 1010110101. 111. 114. 888, leonum nutrix 01. 1. 22, 18
1101001.111.81),8,11.4,67. 11. 212. 8828. 818, lepido 11010 Ρ.278
828. 81. 18, 49. 8111. 72. 8288 10111181112118
7,24,11.1,248. msa 1010118.1.8,87,11.1,2 leporem 01118118. 812,
1111111101,11.14,89, Ρ.2418,11111021100001(111Ρο475 88. S. 1. 8108, 112⁰
324 1010110118. 11. 881 lepore· 811. 1. 15, 22
lauderis 811. 172 legentem 818, 81 lepori· 111101 811144
laude. cauri. 01. 1. 6, 1110101101 81. 19, 88 leporum 8118, 89
2117, iv. 8, m. (1876. 1111. legentibus ,8,11. 11. 2, 188 1101101 111101 8. 11. 8, 72
1. 11129 10101111 8111. 1. 114 11011111 8111, 84. 12, 18
1101010111, 81. 1, 88 , 11. 8, 101010 818, 28 Lesbii 1101111 01. 1. 17, 21
72. 8111188 101010181111192 1101111001.1.ἥ,11.82,8
10110181. 18189. 18,88,10101118.1.8,117,11128 1101111111 0111888
11. 11118. 11111. 19, 88. Ρ. 10101, verb, 8111118, 911 Lesbo· 1011 811. 1. 111
1oe 10 01, 110111, 01.11.18,18,111.1101110011 011. 1184
11110101811.1.1121 ,88 811181. 8.1.8,11011101110011101.11.7,27
11111 8. 11. 8, 99 188, 11. 1, 47. 1111. 1. 18, 1101111001 0011001 81118
1111111111 01. 1. 12, 14. 21, 2. 41. Ρ. 198899 1011111ςί0111 8111189
011110 1010118. 11188. 8 1. 1. 7, 12 10111110 grandi 8. 111145
111111 E 1.1. 188, 11. 1, 179 101 dnffin 81111, 71. 8111. 1011 11111011 01. 1. 8, 88. 28,
111100 .11.4,22,111.29, 88. 2, 18,1ι.18,19. 811898
8111188. 11181842 10111101011112188. 8. 11. 1010 01. 111218. 2111111.
11101101 81111181 1189. 8111118 111)
1111110 01. 111. 12, 2 logio 11011111 8. 1. fl, 48 letum Catonis 01. 1. 12, 88, w
11101118118,28 1011111810· 01.11.14,7 1011111 8111111128
111νο111 0101111 8111111118 legit 8. 1. 10, 18 levant 11 1111111
11111111 81124 1011110111 81111. 8109. 8101101111 ,11111140
11111 01. 11. 8, 211 4 10111111 8111, 17
11111101811821 1011118,1.1,9,11.1,81 101110 0111. 11188. 8118,
1111101. 11. 118, 111. 4, 81. Lamum 81111. 22811 18. 1121
12,(1. 11117, 81 1101100011.111.28,19 10111111.11.11,2112.1,119
1111 01. 11. 18, 2, 11. 2, 8 1010 01111 01. 1. 122, 111 4, 10111101 01. 11. 17, 29
mh. 81128. 8. 11. 4, 41. 2118. m. 8111281ον11 01. inm. (1888
4 1 ¹ 811. 1. 18, 18 101111 Ep. 11128
11110 ’.111.4, 19. 811111 10101011111101.19,18 101110 1111817
1111011 1. 11. 7, 111 1011 1111101111. 111, 18, 111. 211, 10000100 01. 1. 11, 2
laurum 01. 112, 22, 111. 14, 2 18. 8. 11. 4, 28. 88 1010 8. 11. 7, 87
110111 01111. 1, 18 101111 E 1. i. 111, 18 1110 81111. 1, 179
1101811188. 81111188101111011111118411 101011 01111818. 811. 7,
11010 811. 8, 87 “. 1011018.11.2,18 28 ,

 

