111 , 111111.

pronus 8. 1. 8, 70 1111111811 8. 11. 8, 188 8, 1-1, 7, 7, 17 ; 11. 1, 188. 1,
prorum 0818818 pube 8 ‚lm 118
promet 0811, 1, 08 pubet 8, i. 88, 17 ; 11. 8, m puero 08111, 0,18; 11, 187,
1111881118.1.7,1 iiim-,inm 8.1,1,97. 0, 18801118,
1181111118.1.0,10 Ρ111118,118,88 888. 8111111188. Ρ. 111,
{nequitur 08. 11. 8, 88 publiea 0811. 8, 8, 8111, 1. 177
1811111111 08188, 80. 8.11. 1, 775 11. 1, 8. 1’. 18111111811111 8881811871
hagino 08111881. 81.1111111111ω 0811118 11181181 (³11⁵. 188118811111128881 .
17, 1111111111 0811818 1118818. cmm
prosiliet 811171 1118111808. 111818 81188, 8 11, 18,oe
prosilit 8,1. 881 1111811111 0811818 8817. 888188
prosiluit 8111. 1. 188 publicus 8 1. 11, 1, 98 puerpera 811. 17
1111118111,1,18,78 1181181088180 111111110881 ,
prospectu 811811 pudens Ρ.88 puertia 08188
prospera 0811, 1187 “
prosperam 08. 11, 8, 80 p
1181111110.8.18 7. 1111111180, 10,
prospiciens 08. 111. 8, 88810 1118181181 P. 888 181 11. 8,
prospicit 8111. i. 10, 88 pudiea 811, 8, 89. 1110, 8. 11. pugil 11118,
1111118 11888 877 11111111 0811, 8, 18. 8, 8.
prosunt 111, 1. 8101 11. 1118111108111811 181 .-
1118111 ,1111 ,111Ῐῖ8 1111 1131? ι 11111Ἐξ111.’111,119611,81
proteret 8111, 8, 81 11181111 0811, 7, 88, 8. 1. 8, 1111118111 818, 108
11181111108,11.7,01. 8311, 1880 1111111111 08111187
proterva 0811818 1118010 ,1. 80. 81, 8; 111, 111 nn 081. 15, 881 11. 10,
11181111108111118881111, 888, 8111118. (1887. ;111.8811;11,8,18
188. 818871 11880. 811.1,111111118.1.8,88,88
protervi 08188 8 18, 81, 18, 811 11, 1, 880, P. 1111111111 8. i. 1, 108. 8, 78
pruteni· 081888. 11888 188 1111111081818
protervius 081187 pudorem 8111. 1818. 1877111111 01,1,8,88; 11, 18, 81
1111111808,111.1111 11180 pu 11081118, 81, 8.1.7,
11111110811111 pudori 081111. 11100 0. 811191
1118111111811.1888 111111108111181. 8181111111· 8111181. 81111
1181111108ἱί8. 880. 8118, 81, 8 1. 8, 78. 811118, 1888 ·
Pssssugsssskfifffssvff‘ 1111111 ..11:31251213? 11. 11, 11, 1111111101883119111 1,
111111111181.1.80,18 11,0,11.11,11.Ερ.11,11, 10
protulerit ,88 811881111180, 8111.1111111118.117,98 “
protulit 0811. 8, 8, 8.1, 8, 1, 18, 71 11111110811188. 818,
Ἡ 11111111181888 ,1101111187
111811111108.111,1,08 11111111110811881. 811111 1111108111117
provida 11111 08111818 8, 888 11111181 0811. 8, 17, 1, a
ρῐο118111118111.1.7,88 11111111 08111, 11, 88. 88, 8. S. 1. 18, 17. 81811181.
providus 08111818. 81111. (1.8,88 19, 181 11. 11
8,Ιο puellis Od. 11, 18, 881 iii. 88, pulcherrimus 8. 1, ⁵,oe
1181111181.118,100 1, 8 ,11,1. 81881 11111111ηο81, 18, 1. 8818
1111111111 ,811 ¹ 1111110,1,8,1,0,10.18,11“, 111188. 81188. 81111
1111111111111111 Ρ, 181 10, 8, 87, 80, 887, 80, 8, 88, 11111181, 18011
1110111118.1.1,11 88,1;11.11,18; 11188. 11178, 1².ae
1111111111 8118, 10 11, 17, ’1818 81881 iv. 1111811111 S. 1. 880
prout 811887 11880, 8, 88, 811.8,18,1111ο111ο8,10,88; 118, 19.
1111111118.1,818, 8888 88881818, 8,1,8,117, 11188
11Ἒ1111108111181118, ²⁰37?;13i'1¹'¹⁶2⁸ &Ualg 11112111 81111, 8111118,
, ι ul· 2 ι , ι
proximum 08188117 18, 881 11 8, 107, 1³. 188, 1111811181 0811811 118, ⁷5
proximus 8. i. 0, 811 11, 8, 0, 118 111. 8811 11, 1, 88, 81118,

8111881 111111,111.1111.8Ῡ.11,88. 8, 18 ¹
111111081888111180, 11, 8, 880, 1111.18,11;1)1ο110811.11,1 8.11.
89111. 9, 88. 8111117. 111188 808. 1111111888

81. 10, 881 11, 8, 808, 8181111111ἧ108, 11811, 81, 81 1111111111 8111, i. 1811

8, 88108. 81111. 10, 88. iii. 81111188.8,81,111181111118111.1,8,8,80
11118188 ’ 81188, 8101. 811. 81111110818818, E ,1818
prudentem 8. 11, 8, 89. 11111. 11. 781001 118180. 8, 7888. 11111111 agnum S. i. 8,
8188 E 1. i. 1, 80 5 ii. 1100, P. pullis Bp.1, 19. 11111811
111811881111188 8 ,180 1111188111181
pruinis 81111 08111 puerilius S. ii. 8, 880 .. gullo! 8811181118
pruna 8111, 1, 18, 0 pueri· 08111881· 111. 111 1111111 . i. 8, 18, 08
prun.. s. ῑ, mo 11811. 1111. k.. 11, 1. pulmenta s. 11. 1, 11 1111. i.
1111111108,11.18,7 8, 1188, 811. 8118111, 1818
punimus 8111, ii. 1, 88 8, 170. 8, 81. 8111. 11, 95, pulmentari: 8, 11. 8, 88

 

