11111111. 111

11111 0111110011 11. 0, 24. Ep. 17, 50. 810108111.101111110008.1.4,28.05012).
811014. 101. 1024 0101240111 10811 11. 8, 78 8111112,
1111001 0111120101 11.4,1 1110, i. 1. mari 8.112,81. 8111. 207.
aliter 00. i. 18, 4; 111. 5, 50. 111, 15. 111, 87 ambitio 811018
Ep. 14, 0. 8111110188 11101 00. 1. 2, 71 11. 2, 20 1011110011 Ρ. 447
alites Ep. 5, 1110 11111011 011. 111.4,10 11111100ιί01 001. 8020
11111 00102. 81117, 07 111011 00. ii. 8, 10. 1011 111 1110111οο101 8110185
111111101 Ep. 17,12 1, 84. 4, 87. S. i. 8, 48 1011111011 Ρ. 17
11100 S. i. 4,108; 110141. 5, alveo 00. 111. 7, 28. 20, 84 110110 8110180. 000. 7, 02
ΙἸ. 8, 40 aluere 00.11.2,0 ambubaiarum S. i. 2,1
ulium 8111. 1. 10, 20 1101111 od. 11128, 7. Ρ. 280 ambulat 811. 5, 71. S. 1. 2, 25.
11101110 00.11. 18, 18 11111011 00. 111. 104 4, 88
11111 00. 111025. 811.11,27.11011110 8111011. 8111. 108111111101 Ep. 4,5
(1.8. 10. 8. 1. 1, 81. 2,80.1110 0011. 0, 20. 8111. 1. 10, ambulet 811. 8, 14. S. i. 4, 51
8. 88. 8111. 11. 1, 240. P. 808 14. Ρ. 840 11011011οι0 8. 1. 10, 04
111180110οη0 811020 11101,01118.114,27 1101101101 00111125
1111110101 00188, 5 11111111101110 00. 1111041 amem 001110, 24. 811118,
111111101811.120 ’ amabam 811020 12
111111 8. 11. 4, 02 amabile 00. 11111, 10. 81111. 11110111 S· ll· 3. 1⁰7
Allifanis S. ii. 8, 80 8, al 1111001111 S. ii. 8, 240
1111011 Ρ.4-10 amabilem 00. 1. 5, ¹⁰3 ii. 011101 (101250

allium Ep. 8,8 18 amet 8111081. 8. 1. 4, 87. 10, -

Allobrox 811100 amabiles 00.11. 014 = 80; 11Ι 8, 214. 81111. 10, 80.
1110110111 Ep. 18, 18 amabilis 00. 1114, 5. 8111112, Ρ. 40107
aima 111101, 11. 1, 11. 111. 111 amic· 0111111111 iii· 11. b
018 1011111001 Epl. ii. 1, 148 81100. 8. 1. 4, 401 11. 8,57.
.11.1,14 11111. 1020. 020
11. 15, 81 amabo (10. 1. 22, 28. Ρ. 285 amica 8.1.8, 88. 8111115, 21
11010101 C. 8. 0 11111101 00. 11. 11, 84 11010101 8. i. 5, 15
almum Οο11.7,7 1010001010011 00. 1. 02 1101011 0.8.71
11111018.115,41 111111001Ρ.818 10000001108108. Ep.
Alpbiua Ep. 11117 ama-il 00.11. 8, 10. 811018. 112· 811000- Epi· 17, ¹²·
1111111100111, 17. 14, 12 8111. 11. 2, 58 101081 11. 2,1
1111110018.1.10,80 amantem Ep. 11‚9 1101001100. od. 111.2,1. Ρ.411
ΔΙ1110111011811.1,11 amanti S. 11. ’1,55 1111101,1111.0011.0,24,· 111
11111 Ρ.418 10111111 Ep. 2, 57. 811111. l, 018. 8. 18, 48. 8111107.
1111001011111018. Ep. 171 0, 5, 12. 18, 44. 7080
1, 1. 0, 8. 1052. 8.1.2,1111111110111Ρ11101· 00.111.1014111101,111.00.1 m. 81118,
105; 11. 0, 114 amara 00.11. 10201 11. 12,Ιο 8. 810140. 81111. 01051
1111001108 1111111 8. 1. 8, 881 118, 51 112188. Rs
11111 811010. 07 amara 8. 11. 8, 250 1111011 00110, 51. 811050.

111110 00. 1. 2, 421 111. 4, 421 amabitur Ep

1110 0110101 11111110 amam P. 444 4, 78, 185. 5, 08. 8, 701 11. ·

11101 8. 1. 5, 8042. 01021 11101111 101100οἰ1 8. 1.7,7 l, 70. 5, 48. 81111. 8,ος 11
2, 80. 5, 24. 011. 8111.1.111111,10,11.8.1.8,71 0128. 2, 210. Ρ. 100. 812.
8, 82. 104. 17, 27, 481 11. amaria 101111 8110114 420
1,50, 74. 2, 08, 80184. Ρ. amaa 8.1.0,88; 11081 11110101 00111, 25
15. 1011100 1. 25, ³3 iii. 1010. 1111101111 S. 18, 41. Ρ. 480

altar sor aliua 8. i.1,4⁰ 10, 18. 812, 045 1115, 08. 1011010110 8. i. 8, 51 11. 4, 88

altera 00110201 11108. 81111. 14,ος 110120. 01011011111001104. 8. 11. 0,
811.18,1.8.1.2,Ι111.8,80. 710808 7081117
·11,11; 11. 1,2. 81111084. 111111 81117, 20. P. 185 amicitur 8111. 11. 1, 270
10181 110174. Ρ. 411 amati 0 .111. 27, 47 110100 00. 11. 7, 281 11. 7, 10.

1110110100.11.10,14 1101110100.111.18,1. 8. 1. 2, 8. 1. 2, 5. 4, 8000. 0441 11.

allemania 8. 11. 7, 57 55; 11. 8, 250. 0111118. 0208. 012

1110111 1000111 011. 11. 5, 81 208 1111001010 8 .11, 25. 8. i. 8,

11111101 00. 111. 24, 22. 811111111101011 00111070. 818, 20. 002. 1111111011.
2,57.14,11,·11.2,88,178. 88. 81111101 Lm
P. 410 1111111101 8111. 1. 10, 2 · 1111001 00. 1. 7, 24; 1115, 47.

1110111 818, 40 1111111 811111. 1110 81111, 21. 8.1.1, 80. 8, Ἰ,

,11111011 8 Ι. 111, 145. Ρ. 81 Amazonia 0011020 54. 020. 1087. 81111. 5,

1110100 oli. 4,7 1101111111οι 8115, 0. 8111. 17, 24. 0, 80. 10, 88

111010 00. 111. 5, 84 82 - 1011011 8111022. E 11108

11101001 00.11. 100. 0. 8.07. 1011111 8. 1. 1, 20 amintam . 111022
811058 11111111 Epi. i. 10, 18 10110111 ,1281

alterutrum 8111. 1. 18, 04 ambigitur 81111. 18, 193 111, 1101011111 8111. 1. 17, 8

11118 11058. 8111111118 55 1101001000.11.18,12; 1114,

1111111111 11101 8111. i. 7, 85 ambiguam 00. 1. 7, 20 25. 8, 48; 11. 8, 41. 811. 10,

altior 00111 5, 40 ambigua Ρ. 440 0. 8. i. 8, 78. 4,81. 05058.

11111 0011018. 8112, 2010111100 0011024. 81111. 0,22,· 115, 88. 0, 81. 7, 2.
107. 1047. 17, 70 1028 8, 80. 81111102, 101. Ρ.

111101 00. 111. 80, 2. 8. 1. 08 108111811111040 425.ϋο

1110 00. iii. 12, 101 11. 042. ambit 00. 1. 805 11110011, 0111. 0011102

 

