INDEX.

001101010ιο 11106 100. 811160. 1100110011101
1110011000 Ο . 1. 81, 11 11. 1, 110. 0, 000 avenn 8. 11. 0, 81
Atlanticum om. 8111 0000110 8. 11. 8, 001. Ρ.108 0100100 8.11. 0,00
Atlantis 00.110, l 0001100 8.11. 0, 8 010011 8. 11. 1, 1
0 00 sor 00001-1101100 110- 000101 011180. Β, 113111. Aventino 1101110, 00
00010-1111001100 110. 8.1.1, 80. 10, 00; 11. Aventinum (180
.‚.. ..11111010 2
-o.n.‚ 0 .., ιο10..,
0 01 00. 1. 08,ος 111110. 7, 0001010 01111160. 116 uvarum 01111, 10
,00. 0001010108.11,100 0101000 01111. 0110. 8.1.
0110 00. 11. 8. 10. 10, 0; 111. 000100100011000 S. i. 0,11 6, 00
1, 10. 00,18. Ep. 10, 0. 8. 0001010000 00. 11. 11, 10 01010010 up. 10, 18
111110 0001010100 0111111 ; 10. 1, 0101000 8. 11. 8, 101
01101 01108, 18; 10. 1186 11. 1111118. 8. 11.0,10. οι0111111 1111180
0110100010 Epi. ii. 1, 080 00000001 811111. 1, 180 οι01101118.10,10
01100 0111. 1181 111. 11, 18. 0000000 01. ιιι. 1118, 11. 0, 0100 00.ιι. 1, 0. 1111100. 8.
8. 11. 0, 80 10. s.i. 180 ii. 101
111100 Ρ. 180 00000 00. 1. 8, 00, 07. 10, 01 ; 0101 00. 10. 111
utri 8118, 60 111. 1, 60. 07, 08. S. 1.10,001018.118,080.1,18
01110 E Ι. 1. 0, 81 10; 11.,8, 100. 6, 00. Epi. ii. 00111010 8116,οδ
111100 8. 118, 187 0, 01. Ρ. 087 0010101 8. 1. 0, 81 ; 11. 8, 101.
1111010 00110, 18 0000 8. 11. 1,1⁰. 11 1.1.0,10 Epi. 1. 10, 88
111100 8 11118 000001 01111. 01· 8.11. 8, 001010 811. 1107
Atriden 0 l. 1. 0, 10 ' 118 aufert 01111. 10101 iii. 10, 6.
Atrida 011117 nudabit Epi. 1. 10,18; 11. 0, 8.1.0,,188.1101.111,00.18,
1111010 8111018 111 111, ιι. 1, 00
01110 01111111. Ε ,0,80. 0001101 Ρ.10 1011010 8.10,81
8. 11. 108. Epi. 1. 1, 0. 18, nudent Epi. 1. 118 1000100 8. 11. 1, 01
1. 1180. Ρ.108 0001081188.ΕμΙ.1.8,00;1011000100.1ι.0,0

⁸ 0111010 01111110 111118. P. 106 Aufidus 01111811ος 11. 11,

0110 11110, 10. 1181 00001 00. 1ι. 16. 0. 8. 00. 00. 8.1. 168
01100110 00. 11. 1, 01 E 1. ii. 1115, 100, 008. Ρ. ango 11011171
01100 00.1.10,01;111.18,0 8 sugenda Epi. 1. 16,oe

“ 011οι0 00. 1. 8107. 01110001 assat, 80. 8.1. 11100001011181 1111110.

10. 11111 1111. 01. 1111. 11, 11, c. s. 01. s. ii. 1, 01. 0,.1. ι.
11.. 0,.1. ii. 110 ...0,11. 33: 111 101
ιι11111. 11111111 1111011111· ¹⁹³⁰
11010. ’00 151, 12 0011. ..111 od. 11. 11, 01. 11, 10 Auium 01111, 11, 1.. 111.

t ’ 111 audiendum 011.. 111 1, 01. 0011101111,ος

¹ 0110011111

01100000 8. 11. 1,Ιο audientem (01.1. 0, 07 11. 118
011001οι0 8.11. 1, 10 00010100 11111. 11. 0, 101 Augusto 111111. 110
01110100 11101. 11. 0, 01 00010110 8.11.6,101. 8, 88 Augustus 0111111110
.11. 1, 170 00010111 8. 11. 11, 00 00110011 011. 1. 10, 0
attentius apt. 11. 1, 101 000101 00. 1. 0, 01, 08. 8. 11. 8, 0ιί from 0100 8.1.0,1
01100100 8. 11. 0, 80. 11111. 1. 1, 298 011100 8.111,10. Ρ. 18
01 “ 000110 00. 11. 1, 01 ; 111. 1, 0. οι100 01111011

= 01100001 00. 1. 81, 18 8.1. 0, 87; 11. 8, 77. 111111 011000 00. 111, 10
’ 01101000 00. 11. 10, 80 1, 18. 8, 83 11. 1, 100. 0, 100 01100 811107

111100 8. 118, 18 0001101 8.1 1, 08. Ept. ii. 0, uidi 00. 1. 18, 11

ι 1111010 00.1. 8,0 88 1ι101011008.11.0,00

0111111 00. 111. 8, 10 000111 Epi. 1. 10, 00 uvido· 8. 11, 100. 6,10

011100018.11.0,07 00010 00. 1. 00,0; 111. 1100110010 00.1.08,18;11.0,0

01110001 00. 1. 10, 10 00, 8. 01, 01 011000 00. 111. 1, 08. 8. 11. 8,

0111001 0111101111. Ep. 1,17 00010101· 0100110 8. 11. 0, 00. 7, 161. Ρ. 110

attin it 11 1. 1. 17, 81 101. 1111111117 00110 0100111101 00. 1. 0110

01101 010 pl. 117, 08 0001011 8. 11. 6, 68. 111111,οε uvis 00. 111. 07, 10 ; 11. 10, 0.

0110111100 00.111. 10, 11 00011 00.11. 18, 10, 111. 7, 00; Ep. 1, 10. 0, 68. 8. 11. 0, 00.

010101 00.1ι.0, 87 11.11,60.8.1 1801005 8,78

010100 00. 11. 11, 06. 11111. 1. 11180 0110 pejor 0100 parentum 00.
178 000110 01111. 1, 8 111. 110

” ...1000111001 ...11.1. 01. 101, 11 ..1011111

000110 00. 11. 0, 1. 8. 11. 8, 80. 0001110 00. 111. 1,0 011110 00. 111. 8, 60 ,

Ρ. 801 0001101 Epl. 1. 10,.10 011110 00. 1810
0111111011,Ξο Epi. 1. 1, 88 auditorem Ρ. 110 avitus 00.1. 10, 18
0001111010 8. 1. 008 0001101108.1.10,8. Ρ.100 avium 01111. 100. 8. 1. 8, 8.
01010 0011101101. Ερ1.1.0001101ιι 00. 11181. 8.11.1, 810118,Ιο

10, 80; 11. 0, 101 00. 1111111107 0010 00. 1. 00, 11 11. 10, 8. 18,
5 0101001 8.1 1, 108. Epi. 11. 1, 00011010 00. 11. 18, 10 81. Ε 11181. ’100

170 ’ 00011118.1.0,18 00101 00. 1111110

000100 01111100. Ep. 1, 010000 81101 00100 811101, 71. 110111.

88. s.i.1,1⁰s; 11. 1108, 01011101 811101 1188. Ρ. 101

11 ⁸

 

