INDEX. 827

Melpomene 08. 1. 21, 8, 1111111111 06. i. 16, 822. 87,11111111118,11.118,8
80, 18, 11. 8, 1 11, ii. 8, 2. 8.112, 100. 8, 111111111011 S. i. 2, 88
1111181108.1.1,21. 111100. 281208. 7, 08. Ερι.11.1,1111111111.1.1,111,111,
17,17.8.1.1,8.1,82,120. 01108288 282. 81111188
0, 21 , 11. 2, 81. 8, 87. Epi. menter 011111. 21, 58. Ep. 7, meretriouie 8. 11.7,18
11,80 10 1111111101.1.88,28. Epi. i.
1118111111 8.11.8,2 mentior 8.11. 6, 82 1125
1111811111 Ρ. 880 1111111111 011111. 21,17. Epimerfoe Ep. 16, 22. 8.11. 2,
1111111111 111117. 1111111, 11. 1, 68 8
80. m 11111118.1.1,08 1111811101.1.10,18. 80,18
memento 08. 1. 1, 17, 11. 8, 1. mentior S. i. 8, 17 meridiem 011111. 28, 8
17, 81 , 111. 20. 82. 11,). 10, 1111111 01111. 18,11. 8. 1. 0, Merionen od. i. 8,18. 18, 28
1. 8. ii. 1, 12, 80. 181. 21144,118,88,80,187,278.1111111111181011.1112818,
11111111 811118110 11.2,88
1111111118.1.0, 08, ii. 8, 21. mentite Epi. i. 7, 87 11111111 0111111, 18, 11. 8,
Epiri. 1,70 mentito Epi. 11. 8,8 21. 1111. 111, 10
1111111111 8.11. 0, 87 mentito 011110. lt merito 8.1. 1, 20. tot. 6, Ι,
11.0121111111211111181111118ἱεῖ11..1111111111
1111111011811.80,7,111.1111011.1.20,8,1118, 10.1111111118.1.8,120,11.1,08
27,11,11.5,80. 12,ae- 8. Ε .1,18. 8, 81. 18,0. 111111011111. 18, 10. 18,
11.2,72.1,11.8,07.Ρ.888 1.17,80. 8.1.10,02,11. 8, 117, 8. 12, 8. 1121,
memoret· 11 Ι. 112, 117 8, 201. 21111111. 10,22, 111. 18, 2. 17,11. 21 12, 11.

memorum ,1. 111 irrues. 1, mou 1,11.1,11.1.11,11.1.
1111111108.1.18,12,111.11,111111110(1.11. 7,8, 11. 11, 11.1,0.1,88. 11111. 10,11.
811118. 11111111 81. 8.11.1,8. 11111110 Ρ.188
memorem, 1118, 00. 1. 12, u. meur 011. 111. 18, 2. 8.1.1,11 meroe Epi. ii. 2, Β
8.18, 10 meru erugo S. i. 1, 101. Epi. 11111111 8. 111, 10
memores od. 111. 17,1, 11. 11, 17. 84· 13. 8 mette! 00· it· 4. ⁶⁶
1 1111111811.11.2,187 mereor 1.1.1,18
11111111111118.1.8,88 1111111118.1.2,80 meruere eour mo
memori 8.11.1,00. 8, 81 1111111111 8. ii. 8, 21 merui Ρ.208
Memphin 011.111.28,10 meruerit Epi. 112, 181 11111111 8. 11. 8, 01
meu' 8. 1. 10, 78, 11. 8, 182 mereator 011. i. 1, 18. 1111111111. P. 188
Mene 8 1. i. 7, 81 8.1. 1, 8. 10, 17. 111111, merum Od. i. 0,8, 111. 20, 2
8111111 pitter 45. 16,11. Ρ.111 11111111118.1.1,18 ”
Μ11111811 8. 11. 8, 11. Epi. ii. meroetorem 011.111.21,10 merx 8. 1. 2, 47
1, 87 1111110111 8. i. 1,1 Μ111111 8. 1. 8,12. 10, 88
1111611111 8.1. 8, 82. 11425 mercetur 8 1. 1. 7, 82 811111111Ρ.871
mendaci tt . 17, 80 mereatoris 8.11. 8, tot 811111 8. i. 8, 82, 81
1111811111 pi. 11. 1,112 mercetur 8. 11. 0, 12. Epi. ii. 81111111 8. 1. 8, 68
mendox 06. 11. 10, 80, 1111, 2,188 moerorum 1111 up. 8,1
88. 11, 88. Epl. i. m. 18, meroe Ori. i. 81, 12, 1117,1,111111 011. 1.1,1
80 , 11. 2, 25 11. 12, 22 11111111 lupi. i. 16, 80
11118111 S. i. 2,2 1111111108. 1, 27, 11,1118,1111111 Ρ. 112
mendose 8. 1. 6, 66 22. 8.11. 2, 118. 7,17. epineton 01111. 18, 18
1111111118.11.1,28 1. 18, 88 neoto 8.11.8,111
mendorum 81111110 meroedem 011. 11. 8, 22. 8.1. 8111111111 011. 111, 88
Menelaum 8.11.8,188 8,88 81111111 8. 11. 8, 280
Meneni S. ii. 8,287 1111111611 8. 1. 2, 11. 6, 87 Metello 01111. 1, 1. 8.11. 1,
mene 011. 1. 18, 8, 11. 10, 8, meroem S. 1. 2,88, 108 87
111. 8, 18, 11. 1, to. 10,7.1111111111 01111. 10, 6. Epi. metendo 08.11.11,81
Ε.8, 18. 17,17. 811, 11180 811111]111111118.11.8,50
A: ΕΙ. 1.1,1. 2, 60. 11,1111111111111.11,17 1111111118 .1,7
0. 1². 8,.188 meroeueriue 811011 · Μ1111 Ρ.81
menet Ori. ii. 16, 11. 8. 1. 8, 1111111011. 128, 27, 111.2,20.11111111 Ep. 0, 80
18, 96· 11.2,17. 1,87 20, 00. 8.1. 1, 20. Epi. 11. metiretur S. i. l,96
1111111111 1, 11. P. 111 111111111111. Epi. 1. 1,
meorum 8. 11. 8, tre. 8, 11 mercetur E Ι. 1.1, 81 08
menore 8. 11. 2,1, 122. 8871811111 0 .1.10,1, 111.11,1 metit 8.11. 8, 87. Epi. ii. 2,
1111181061. Ερι.1.11,11111111111.11.1,11 178
10,11.1,10,11 81111111111111 011.11.17,20 1111100.1.28,1. 81181, 11.
1111111108.11.11,15 181111111108.1.24,18.80,8, 10,8,111.21,7. norit.
meoree 01111116, 11. 6,10. 111, 18. 8. 111188 8.1.1,78. 3,111. 1, 127
8118, 280 merdis 8. 18,.17 motuum 011.111.9,11.11,18.
1111111 divitum ou. 111. 11, 8, merearis 8. i. 1, 87 Epi. ii. 2, 101
11.8,82. sutem 11118111111100.11.12,10 11111118.1.1,08.1,10
mentorem 011111 merentem 011. 111. 8, 12 11111118.1.2,181. 11111. 6,
111111 08. 1. 81, 10, 111.8,1.1111111111 ΙΞΞΙ. 1. 7, 21 12
28, 8. Ep. i,9. 8.1.1,80,111111 Ρ. 8 1111111106.1.20,1
11. 2,00. 8, 81. 1111.ῑ.1,1.ι111111118.1.119. 10,10.1111111111811,00
0,1, 118101 Epi. i. 2, 28 metuemus 01111. 11, 10

0

 

