INDEX.

,11111111 P. 180 jubebo 811188. 8111111,
01116111061118811. 801. fi. 8. Ρ. 817
1, 818 111111111ιῶ111· sspl. i. 1111
6, 8. irritum 06111. 81116 111101110611181, 7
1,11. irroget 8.1. 8,118 jubentes 06. 11.15,18
Ρ. 801 11111011 06111118 jubentium 0611188
ipsam 1111111111 11110101118. 1. 1, 68. 8,18;]11110 8. i. 1, 161. 10,81; 11
111111 8.1.8,65 11.8,181. 81111166 8,77. 6, 70
11111· 111111 111111· 1111111· ⁵⁹⁶¹· ⁸⁹¹·¹·13¹ss.2'?.²{·1¹·1⁶.·1⁹2³1
wwmfflmoefflffaeffimafflzffi maffiffiffl’
8, 61. 8111. 6, 88. 66188. 111111 ,6, 8. 8.1.10,18. Β 11111111 06.118,8; 111. 8118.
Ερι.1.1,11,11.10,11.11, 11,88.18.17111.1,18. ,81 811117. 8.118, 118.

111. 111, 11.1,111,101.1.1..01.1..11,11 1111. 11101, 111, .

Ρ. 188, 806 Isthmius 111101 06. 11. 8, 8 m)
ipsi Ρ. 108 1111 8.1.8,11; 11. w. M jubetur 1101. i. ’176
1111101.1.11,11. 8116611110 8 11. 11, 87 110116106116. Est-25. Ἴ
6108. apl. 111187 11111181. 1, 181. 1101. 1. 7, S. 11661. Ρ.881 1
ipso 06.118,17;111.18,7; 88 - ι11111161 8.1. 5, 70
11. 1, 68. 8118, 86. 7, 18. 11111 8. 1. 8, 78. 1, 58. 6, 88; Ι1101116101 811866
8, 88. 801. 17, 66. 8,6 11. 8, 88. 6108. 801166111001161111 rehu 8. 116, ffi
ipso· 06. 111. 1, 6 Ρ. 876 1110111160 8.1.6,11
ipsum 061. 8, 88. 88, 88. 88, 1110 8. 18, 18. 801.1.16,60;]1011160111 81111668
¹¹³5 111 88, ¹⁸· s· 118,17,Μ; 11121860ξωῦ {uouflldffl 'Su 11 ⁸, ω
11. 8, 801. 6, 78. 6,18. 7,11111081.1.11,8 udan 816118
118. 8, 88. 801. 1. 17, 11 ; 116111 06116, 7. 8.16,18. 116111 8. i. 8, 70
111111 11111. 1. 7, 66 sudeus Apdln 8. 1. 5, 108
111 06111818. 8,16; 11. 16, 111 06. 1. 81, 111 11. 16, 1011611 06. 1116181 111111.
10. 8. 18, 71. 7, 181 118, 1.1.1,00.1,11.1,11,101. 8118, 8. 7, 101. 8011. 1,
,101 Ε 11 11 2, n, 10, 621 ⁰. wi 111 l, ⁶9⁸ 'p ⁴6, ῆι), l· Pom '
18, 88. 8101118887 610. 1161011101 06111188
11100061 06. 1. 8,18. 16,88.11111 tenure 8.11. w Judiont 8 1. 11. 1, ffl
Ρ.166 11111106.11.16,18 judico . 188, 11. 8.18,
1110106101 06. 111. 8, 88. 8.1. 111111 0611. 118. Ep!- 11. 181. 6,16. 11881 11111,
8,88 . 18 86661. 7,.11. 8111116,
1110111611 8 11188. Ρ. 181 111111 0618116 18. Ρ. 76811
1110 06. 1. 18, 8, 17. 8.1. 8, 76. 1111111 06111. 1181 11. 1111. 1161011 8111118181
1101. i. 8, 681 11. 1, 188 11111. 1. 18, 88· 11161011 8111111816
11111 11116, 61. 10, 18. Epi. 1. 11111111 8.16, 86 1161611111111001118.11,188
1818. Ρ.108, 168 111111 8 11. 18, 67 11610111 811. 11, 71
11111111 06111. 87, 70 Italo 0111111. 8. 1. 7, 88 11161011 81118
1111 06111. 8, 81. Ερι.1.1,11110101.111.10,11 1161011 Ρ. 811, 861887
18 1111011 0611. 18, 18 Ι1161011111 8.11,88; 111, 88.
1111011 E 11188 itaque 8011. 1, 10 apl. ii. 1, 818. Ρ.886
111101 118186 110111 8. 1. 8. 77. Ρ. 80 jug· 06186111 11681111.
111111 ,1118116 111106.1.88,6;11.17,18;111. 618. ”³⁸- 11111, 11. 8,
1111118.1.6,111; 11. 8, 8. 6, 8, 88. 16,7. m (18.18. 11
80 8. 16, 6, 86. 8, 161 11. 6111131061 C. 818
11110 8111868 88.81.1.16,18.17,1. 1611 11 06.11.16,1;1’11.81,18
11110106.111.81,18. Ρ.110 · 108. 868 Ι , Ἑρ.1,18. 81168
1111118 . 8, 6. 8. 11.8,87.1111111111111061.7,88 jugerum 06111. 1188
8, 6. 8.100 iterabitur 06. 1118, 68 11111111061118181111818

1111118ς.16,11. 8.11811110111006.181.1;11.18,18 Ῑιιῖιῧιῦιι 811118. 8011.

1111 .8,8. E 1.1.7,89.110111100111111111618

80,16;11.8,88, . Ρ.81 11111108 ,18, 81 ,iugo 0111111118. 8.11. 7,Ἠ
111 06.1.8,16; 111. 10, 8. 8111111111 01111. 11, 18. 88, 10.]11111111111111118.1.7,86

1118. Ε.16,81. 8.16, 8.110, 80, 781 11. 7, 68.11311118.1.10,86

165, 186. 8,,8; 116, 17, 87. 111111. 1, 8. 6,1 11111111 11111. 18, 88

6, 86. 111111. w. 0, 87. 7, 1111101111 8.11. 6,1 Jugale 1116881 11.8,186

8176. 17, 8; 11111111116111 11111. i. 7,11 jugum 06. 1. 85, Ἑῑ 11. 6,1;

Ρ.180 1011011111 Epl. 16, 68 1118, 11
110111 8. 118101 11111111118111101811111110106. J 1111016111 0611188
im 11111111 1. 85, 88 111 1161110110110 811888
11111111·49 1111111
16006111 110600111 111101611
1111100161108111.1.18,71 1111100611. 1111. 8.11.5,1111111111611106.1.18,17
1111100111 1111111111 88 Julius 81888
11111008.11.11,16 1116111 06. 111. 81, 67. 8.1. 1,]111101111801...118,16
1111111’1.11111”11111.11,11 1111111111111. 111101111131111111111
1111116110 1101118108 50. Ρ. 110 111011106186,1

 

