588 INDEX

11111 00. 1. 1, 81. 0, 80. 81,Ι1011111118.10,0,15,10.8111113111οω 01111088. Ep. 5,
10,11.10,15.81,11. 0. 1. 8081 80. 01111187
1188. Epi. 15, 0. 1188 1101101118.11.8,801.7,18 11110111101. 8, 01
lever 00. 1. 8,80 1101111118.11.8,188.5,71 1111111111 00. 11. l, 88
11111 agrurn Epl.i.8,8 1110111111 011880, 11.18,11111μ1111111 00.11.10,5
1111111111 0118, 88. 11888 1101111111110.8.88. 011 i. 1111111111 8. 11. 179
levi 11188 l, 00 11111111 01118010
11111111,1110,0111.81,8 11011 00. 1. 10, 1, 111. 85, 11. lirum 111111 Ρ. 801
1111101117, 18,11.7,81 0.8, 88. 8.1.0,100,11.8,111111101111180
13.oe ι 811 11111111.1,]1,11,1111111118.“111,11
111111 coelibe 00. 111. 0, 88 70 limen 011801, 111. 1, 10.
111111100.11.1,11. 8.1.1,110101110,1.10,80. 01118, 01111. 10,78. Ι8,80
58 15 limine Ep. 8,0. 11, Ἠ
leviore piretro 01111. 1, 10 1101011111 00. 11. 18, 0 limine 111111 0. 1. &w
11111 00. 11. 11, 0. Ep. 1081 11010111011 8. 11. 7, 57 limini· 00. 111, 10, 80
levi· 00. 1. 11, 10. 10, 0. 80110ὶά1111 111511 limis 11 111 8. 11. 5, 58
1111111111111111111111111111111111111 1111111. ’1111812111
1 · · 1 · 1 · ·· 1 · 1
011111100110 1101οο 00. 1. 80, 18. 8.1. 0111111001. 1118. 8. i. 150
11111110 ,111,51 88. 0,111,11.0,07. 0111Ιί11111 811150
1111110 .1. elne. 811 7, 10, 1, 05, 11. 1, 107 111111 8111, 00
70. 0111118150 [110101101111.1,10 11111011111070
111 00. 111538. 011.1.1,118,11101111118.11.0,10 linend- eedro P. 888
11. 1, 158. 8, 10. Ρ. 185, 1101111111 00.111.80,7 1111111100.11.1,80. Μ. 8.1.
808 liberamento 81111108 lma. 0111.1,58.18,15;
1101111111οΡ11.10,10 11101111 0111100 11.8,181. Ρ. 50,111,Ἢ
1101111οι 11111 8. 11. 0, 07 11011 00. 11. 17, 17. 8.1.5,1111μ1100.111.0,5.18,8,11.0,8
11111110 ,11. 8, 80 00,11.8,150 lingum 011118. 88
libelli 0 .11, 15 110111111 Ρ. 851 linguis 011111. 1, 8
libellis 1. 1. 1, 00. apr. 11101118.110,08,11.1,81.0,Ι1118.111,51
lm 01. Epi. ir 1. 817. 8,08 1111111 00. 1. 8088
libello 8. 1. 10, 08. Epi. 11, librorum eopie Epi. 1. 18, 18. linque ol. 1111188
87 10, 100 1111111101 111111 01111181
111111111.1.1,11.11,11 libror 00.1. 8011. Ep. 17,11111,111100.111111,81
libere 0111111811. 0, 81. 1. 0111180818 1111111111 8.1.5,85
Epi. i. 1111 librum Epi. 18, 85 , 11. 1888. linquit 00. i. 85, 81
libenler 8. 1108. 8,08,111. 110 . 1111111118.1.0,71
5, 81. 0 111181 1101111100.1.87,80. 0111111111 00. 1. 11, 0, 11. 18, 8.
1101111111 111111 011081. 011111111118.11.8,,101 · 0111087
111808 Libyen 00. 11. 8,Ιο lurra 8108)
liber, ser 1111111111, 00. 1. 18, 111οὄ111 0111. 1, 10. 0111. 110, linires 011. i. 18, 01
88.10,7, 11. 107, 11181, l imbelli i. ri. 1, 887
81, 11. 0, 81. 8.1.1,00.1111118.11.8,805. 11100 11111111 1011 01111. Ι8,5
111111111ᾹΙ111111111111, ΙΙο11Ιι 1111111111, 1111ζ1111118111111. 11. 11111
linem 01111107. .00.οἱ11.5,10.8.50,800.8,,58 ⁸
1000. 11801808 licenter ‚²65 11111111 0111858

111111, gg 11111, 111. 1111111111 ο1. r. 11, s. 1111111111 11111. 111. 11111.

111,,.111,1,,11,11,11, 1,,1. 11111111 01111111 1111111 neae
. 11081. 1105 1111111111 00111. 8180 1111111111 Οο.1.11,0
1101111110 0111. 11, 10 libel 00. 11. 11, 10, 11181, 8. liquescere 8. i. 5, 00
1101111111 11 01111181, 18 87, 18. 81118, 11.11,80.11111100.11181,10
liberet 0 .11.7,80 01115. 01. 118. 85111111101111111 0111111181
uberi or. 1111, 11. 11, 11 ει. 1, 111. 111. 1,11; 1111111111 011. 111
111111 111. 11, 11 1. 11. 1 1. 1. 11, 11 11,1111111111.1.1,11 1111111,
liberior 0111110, 08 ,17,150. 11150 Ι811 Ι .
11011111 S. 11, 108, 11. 0, 87 breim 01111. 10, 1 liquidi· 00. 1. 08, 11. 0, 7
libero 111111, 1, 1115, 88 Licino P. 801 liquidum 0111. 8118), 11. 80,8
1110111 00. 111. 0, 7 1111111111· 0111111111 liquidus 0111180, ww
001111011111 Ep. 8,40. 5,5 111111 00.11. 10, 10 liquimus 00.1.85,80
liberrime 01110. 011 1. 7, 1111111011 Epi. 1. 7, 0 liquor 00. 111. 8, 10
06 licuisse 8. i. 0, ll quuorem 00. 1. 818
liberrime 0111101 111111 1150 11111111 01111110
liberie 8. 1. l, 00 ligetur 8.1.5, 18 111111 00. 1. 817
110111110,11.1.10,0,1111110311 00. 1. 0, 5. 8. i. 5, 10. 111 101111 1110110111 P. 78
11808 1081. 0111088 1111 01.01.1.511.1“11,111.
1101111118. 11, 5, 11.7,4.1111110,1.8,18.0,1111.8,100 0111118, 10
Epi. i. 10,10 ligno Ρ. 800 iiten 8.1.0,87,11.8,108
1101111111 m 11111 0111111. lignorum 01111118 1111111111 01111110 .11-8,7
Phryne 01. 11, 15 1111111111Οο. 11. 18,11, 111.17,111118.1.5,01. ,5. Bpl. i.
libertinarum 11118 ll. 0101511188 81111118 ,

 

