488

cauli 011118

11111111 8. 11. 4, 75
1111111111 8. i. 8, 91

1111111 81198

1111111 8.11. 8, 89. 177
1111111111μί 8. 1. 6, 115
011111 8. ιι.4,1
01111111 E l. i. 19, 18
ottonibus 1111. 11. 8, 117

111111111111111 11. 111. Cecropio 0111111 11, 11. 111
111111111.111111110111111. 111111. 111, 11111. P

..11

INDEX.

011 01.11.1,88;11.’9,7 ,0111111118111111
11111111 01. 114, 9, 11. 8, 1111111111 8.1. 8,15

Ρ. 79 , centiceps bellu 011. 111881
1111111 01. 1110, 85 animumne 0111117, 14,
111111101. 11. 8, 15. sspl. i. 1114, 89

lm 1111111 01. 11. lma. 11188,
5111111111 (18.811 111.8,14.11,17. mh 11.
ο11111111111.18,11. 8.1.9,89 1,15. 8,19. 11111111 17.
01111111101.11.18,9 89. 8.11,45,59; 11. ,a

³
Q. 1. fl, 41, Ἴ
1111111114 1111111111 Ρ.841
1111 111111. 18,44 mutationibus 8.1. 8, 78

1111111011.111.1,41.11,1 cedentem s. ii. 111 cepoe· mo

11111111 8111 1. 8, 67
0111111111 8.1. 19, 19

111111 Ο1.1.6,6;111.8,84 1111111111.11.1,11 1
1111111 1111111. Ρ.858 11ἷ16168. 11. &ffl- 1111111, ³

11111 01. 1. 19, 85 111. 18, 8. codes 01.118,17,19

8111. 11. 9, 89
1114 11111111. 19, 47

0111111111 01. 1. 88, 7. Bp. Ι, 11111 0118186. 8.118,184.01111111)111111

1111111 8. 11. 8, w

11111 111111. 17,75. 8111111 811154 Ι .
1184 1111011111 dfflwz agai}
111111. 111 canum 11 1111111
cedro P. 888 cerberus 01. 11. 19,89; 11111.

111411 8.11. 7, 49. Epi. ii. 1, aedunt S. 11. 4, 79 17

45

1111111111 8.11.4,11 11111 01. 1. 18, 8. 8. 1. 8, 8),

1111111 01. 11. 19, 81. 8. 18,111111111 8.11. 8, 88 88, 48

1111111111ιεὶιίΜΒ

111111 8111194. 8,74 wrm 1111ςί111 &1⁷:16
1111111819 111111111111111 8.1.9,11, 18

1111 01. 1. 14, 19; iii. 7, 84. celat 01. 111. 8, 59; 11. 14, 45. cerebro 01, 11. 17, 87
811811. 8. 11. 8,88, 177. 1111111114 11119111118.1.5,81
5, 75. Ε 1. 1. 9, 88. 18,19 celata 01111111 cerebrum S. 11. 8,75

11111 P. 178
1111111 11844
111111 8.11.1 89
mebi. s. 11. i, 11
11111111 01. 111. 5, 18
“vm od· ffi· 8, m
11111 Ρ. 198

caveto 8. i. 4, 85

celeberrima 1111111111 01111111 011118118. 111111,
1111111111 01.1.7,9. 18, 8. Ρ. 48. 0. 8.89

ffi? 011111101.1118,811. 8. 11. 8,
1111111111 8. 11. 8, 91 14
1111111101.11.11,11 0111101.11.5,18. 8118,
111111 01. 111148. 8111. 1. 15, 184

29 cereus 11111. 11. 1, 255. Ρ. 188

’ 11111 01. ii. 7, 181 111. 4, 79. 0111111111 8. La& 81

11111 11111111 01. 11. 19, 18 ; 111. 18,19. 8. 11. 8, 147 eernere 8. 1. 94

18,14. 8. 11. 8, 178
11111 8. 118, 98. Ρ. 858
11111 8. 11. 4, 15

1111118.1.8,116·118,185 111111101.1.18,19.15,8.16, 16,8;111.19, .

...nibu- 111111
11111 8.11. 6, 81
caupo 8. i. 1, 89

11111111 01. 1. 15, 181 11. 7, 9. oemio 8.18,89
18, 17; 11. 6, 89. 11111. 1. 89, cerritus 8.11.8,878
85 11111 01. 1. 183. 1

8, 8, 11.
8.1.-1,58;
84; 11111, 14. 89,9. 89,58; 11. 8, 879, 871. 111. 1. 1,
11. 7, 18. 8,15. 111111. 18, 99 1111111111 8.11. 5, 87
111111 01. 1. 115 cerum c.8. 74

1111111118 1.1.11,11.11,1 1111111011.111.19,11.Ρ.911 1111111101.11189,7.11111.1.

enupunu .1. 5, 51
1111111911 8. i. 5,4

11111 01111814. 8. 1. 8, 199. 111111 01. 1. 87, 6. 8.18,8 nemine 0

11111 8.1. 8, 85 19, 48
11111 8. 11. 8, 49 9111111111 8311. ⁶.ss
.11.14, 17. 8111.

197. Ml. 19, 81, 1118111111 01. 11. 19, 103 iii. 4, 14 1.19,85. Ρ.84

Ρ.888

01111 1111118, 17 11111111 melioribus 8. 11. 5, 19

1111111 011. 16,19. 8118911111 Ρ.848 1111111 Ρ. 78

&mmmmm

celso 81111. 8,1 certantem 8118, 89

1111111 8.17,14, 88. 11111 1. 11111111 1111111111 Ep. 19, 89 111-1111111 8.1.19,88

. 8, 9. 5,9
1111111111 Ρ. 879

111111101.11.1,8.8·1.4,116.1111111 11111. 9, 5, 118. 85 1.

0111111

fil. iffi, 15 1111111 01.1118,18; 11.1,8Ι.
11111111 11. 14, 44 ΒῖθΙξιῙὸἰῦῗιιῒ 8, 818. 8111.

1111, 111, 11. 111 oens.. 1111111111.1111111111... 1111111

11111111 8111. 1. 14, 18 .
1
1 .1. ,

17,8 111111 01.1.1,8; 11.6,15
centor 81199. Ρ. 174 1111111111 8. 1117
censorino 01.11.9,8 11111111Ρ.889
11111111 Epi. 11. 8, 119 certe 01. 11115. 8. 1. 8, 07 ς.

111111 1111. 11. 1, 195. 8. 11. 6, 111111 8. 11. 8, 169, 884. 11111. 1. 118188. Ρ. 478

45

7, 56 1111111111 111111. 14,4

1111111 01. 11.18,14. 8.1.9,1111111118.111,75. 1ρ1.11,1111111.11.1,19

51

48 111111 8.11,199

1111111 01. ii. 19, 8. 8. 11. 5, 1111111 Ο1.11.15,18 certior 01. 11. 18, 89
88, 94. 81111. 19, 59. 1111111111 equestrem 1111111111 Ρ. corti· 81194. . 1. 8, 8;

1111111 81111188
11111 8119, 119

888 1111918179. A&

9111111101.1.18,8 , 11111118118, 198. mmo.
, 0111111101.11.1,11 Β

 

