INDEX. 557

1 1111118.11.1,19. 911111191111 91111914 9111ρ11101.11.11,11
,41.9,91. Ρ.999“ 11111111.111,151 1111111118.11.9,15
11 1111111 insanientis 01.1. 91, 11191111 1111. 1. 1, 99 111111 Epl. 1. 18, 91
9ς 111981 81111 Ep1.i.17,1 nonnum 01. 11. 11, 21
11111ὲ111115138. 119, 59, 995. Epi. ffiizoeES} 11.Ι 1259Αἰ :2:33² 8ὲ1. ἰ1591ἑ5111, fig w
991, 1911· ⁸¹ '¹¹¹9
1111111111111111 01. 11191, 14 111111 0¹21. iii. 11, 59 911. 1. 8, 9 ' ’
sapientius S. 119, 59 11111111 8. 1. 8, 99 1111111151 811110. mn
snpientnm 1111111 8. 11. 9, 996 1111111 8.119,199 11119111 .11. 118
aph 111 Ρ.991 8111111111 9111111 Ep. 19, 14 1111111 S. 1. 1,11
11111 ,1.11,11 1111111118.1.8,2 1111111 8.11. 9, 69. Epi. 1. 9,
1111111 Ρ. 156 1111111111 01. 11. 19, 99 19
11111111 01.111. 1, 19. 8. 11. 1111111 01111. 99, 9 scribendi 8. 1. 4, 12,19,65; 11.
mn 111111101.11.19,91 1,19. Epi. ii. 1, 199. Ρ.
saporum 1111111 8. ii. 1, 99 11111111 01. 111. 1, 98 999
81 11101.11.19,95. 9111111191 01.111.11,111111111’.111
998 111119 .9,56 1111911111 1111119191
1111111 911. 1. 19,9 111111 8.,11. 9, ffl 11119111 Sp. 11, 9. S. i. 1, 19.
1111111 01.1.1,11 1111111111 01. 1119199 9, 99;1.1,19. 111111,
81111111 01. 1. 91,1 811111101.1.19,91 1; 11. 1, unm. 9, 54, 99
81111101111111311 911. 1. 11,9 81111111 8. 1. 9, 48 1111111111 01. 1. 9, 1
· 81111 1111111 Ρ. 919 1111111111 &innam scribet 01.1.5,11
811111 8.1. 9, 9 1111111 111111, 15 1111111111 9111 19, 1
8111111111 8. 1. 5, 59, 55 11111111 01.1.29,1. 95, 99. S. 111191 Ρ. 11
8111111111 8. 1. 5, 56 11151. 9, 918, 919 scribimus 1111. 1, 111
1111111111 1119111991 111111111111111101.11191,11111)118.119.1
111 01. 1111999 99 scribit E Ι. 1. 9, 49
molle· 01. 11. 18, 91. Epi. 1.11111111 piabo Od. 111, 11 1111111111 9198
1,17 111111111 01. 111. 11, 99 111191 1111119199
1111111111 01. 111. 19,9 11111111 91111 1111111111911.1.19,9
119111111101.1.9,91 111111111101. 111 9, 91 11111118.1.1,199. 1111111,
111111 8.11.1,1 111111 01. 1. 9, 99. 9,99; 111. 119
11111118.11.9,11. 1195. 911118. 8.11.9,11111111191.11.9,198
1111101.1.19,19;11.19,19. 919 scripseris ..181
18,14. 8.1.9,99.1,11.5,111118.11.,1,11. 911111111111111101.1.6,11
983 1.1,11111111 909 1111111111 8111199
” 0119, 3 iii.1‚2n.mnnssl.i.n‚4l. Ρ.195 111111118.1.4,51
,44. p. 9111111119189919 1111118.1.4,99,15.19,19,
19. “. , ‚12⁰ 9,111111Ρ.119 . 9111117. 19,49;
1Ι 9 19,11111911.1.18,19.99,91 11.1,99.9,91

l·
‚‘n;'n. 11111111 1111111 κῆρι.. omnm

, . 9 1911111101.1.15,91;111.1,99.111111111 1.11.1,99.9,191“ι.

1,19,Β.19, . 1,1. 18, 9,19 Ρ. 191, 191995

111. Ρ.99, 416 1111111119 .11,1 1111111111 11 1.11,1,288 .
11111111111101.111.19,9 1111111111 ,1,19 11119111911191
111118.11,119. 911.1.1,1111111101.ι.91,99;11.14,111111111911.11.1,99,191,

99 9;111.5,95. 91695118, 289
8111111111 11111111 8. 19, 99 9. 8.1.19,91; 11.1,19. 9,111111111Ρ.919
8111111119118.11.9,5 99. 91811949, 111. 111111111191.11.1,99
8111111 0111199 1111111 01. 111. 4, 49. Ρ.11,111111111ι1 911. 1.,19, 99; 11.
8111111111 11111. 11 1, 158 919 2, 11
8111111 01. 1. 19, 59, 1111, 1111111 01. 1. 11, 91 scriptam, .8.11.9,9

99 11111111101.11.14,Ὼ scripturus ,11919
8111111 01. 1. 1, 91. 911181111111111111118.11.1,19 111111111111111.11,15

19, 1. ms 8111111111 8.11.1,11 scrutaberis 111111. 18, 91
8111111111 1111. 11. 19, 4. 91111101. 1.11,1; 11. 4, 99. 11111111 8. 119, 216

999 8.1.4, 91; 11. 9, 52, 91. 1111. 1111111111 8.11. 9, 99
8111111 Ρ. 921999 1 9, 9. 19, 95 3 11. 1, 95, 81. noum 8. ii. 1, 15. 111111,
81111111 1111119195 9,199 98
1111111101.1.14,95111.19,1111119111.111,11 annm S. 1. 5, 99. 8, 111 11.

15 1111819111. 11111. 11,1. 1,99. 11111111
111101.1.11,12;111.19,19. 14,19, 99. 11,1.18,59.99,11111118.11.1,99

21, ffl. 9.19,95. 11, 51. 1. Ρ.99,199 11111111118ρΙ.1.18,9

apl. i. 1, 19, 1. 14, 99. 1111 01. 11. 1, 11. 11 1. 1.11,1111111 8111999

9995 415119, 181. Ρ.158,919,11111111111.1.11,19
11111011. 19 99; ιιι. 19, 911 11111118.1.9,119
11. n 1,11.1.1.1,11;..11.111,1.1.1,ω somam 1.111
119, ὦ. 11191 8. 11. 1, 81 scyphis 01. 1. 911
mn 01. ιι. 15, 911 ο11. 8, 1. 811111 01. 11. 8,9 11111111 SXAE, 99

8.19,19. 199, 19,9) 111111 8114, 81 81111110 ,1. 9191 111. 8,99.
11111111.11,01. 8. 119, 19 11111111 01. 1111, 91 ,9. 0855
1111111111111 S. 1 19, 11 11111111 01. 19, 99 Scytha 011. 19, 19

 

