&finctiones 1111011111 Er. tie Epoden ; C. S. tire &nisinen S. tire

Satires ,· Eun. tire 1111111111 und P. 1111 Epiri. ud Pisonen, or Are Portica.
ἆ11Ρ1111111η111ιη111111 marin 111 Booirr 11111111 eines, anri 1111111111111111,

A. 1811111111181.108 1111111 8.11.7,118. 811. 1.
abortivus 8.1. 8,16 17, 12
Α111118.1.1,07 18111111 811. 1. 7, 80 abundet 0111. 2,10. 811. 2,
11111111 sd 1111111111 811.11.18111111111111111111 80
2,1 abrumpere 01. 11.7,27 aceedit 8. 11 8, 181. Ρ. 218
18 1111111111 8. 11. 2,10 abscidit 01. 1. 8, 21 11111111 8. 1. 0, 88
18 118111111111111811. 8,108 1811111111 81. 10, 88. 8. 1. 2, 11111111 8 . 11, 11
181111111111111118.11.8,808. 118 1111111111 ,11117
800 abscissum S. ii. 8,808 accepisse 8. 11. 0, 81
ab 111111 dunis originem 01111. 1811111111 S. ii. 8, 178 1111111 811. 8, 220. 811. 1. 10,
17,1,8 nbsens 01111. 27, 87. 8.11. 8, 17. 12, 28
181111111111111 01111.27,88 72. 811. 1. 7, 88. 11, 21 1111111811.11.1,117.Ρ.288
18 ignibus 111111 01. 1. 87 , 18 absentem 8. 1. 8, 21. 1, 81. 8, 111111111111111 Epi. 11. 1, 281
18 111 usque 11 main 8. 1. 8, 0. 18. 10, 70; 11. 7, 28 11111111 C. 8. 02
7 18111111 81. i. 18 11111111 811. 1, 28. Ρ.211.
181111 81. 8, 20 18111111 8. 11. 8, 811 Aeni 8. 1. 10, 88. Ρ. 288
abdiderint 8. 1. 8,18 181111 01. 11. 20, 21 1111111 81. 8, 01
abdidit 01111. 1, 88 1811111111 8. 1. 8, 101 111111 8. 1. 1, 11. 881 11. 2, 70.
181111111111 P. 10 18111811.11.2,100 8,10, 00, 807. 8, 10
1811111 01111108 18111111 811. 8, 270 11111111111811118.1.1,18
18111101. 11. 2, 2 181111 Ρ. 112 recipiar 8. 11. 8, 07
1811111 811. 1. 1,8 absorberet 8. 11. 8, 210 11111111 8. i. 1, 18
1811 8. 1. 0, 01 1811111111 811. 1. 12, 7 1111111811 811. 1. 7, 88
181111 8. 11. 8, 210 1811111181111 8. 11. 8, 88 seni iet 811. 8,08. Epi. i. 10,
18111 01111118 1811111111 8.1.1, 120 21
18111 8. 11. 8, 218. Ρ. 201 abates Epi 1. 18, 80. Ρ. 802 1111111 8. 1. 8, 88
1811 01. 11. 8, 2 abstinens 01111. 7, 183 11. 0, 1111111 811. 11. 2,182
18111 01. 1. 0, 17. 88, 20; 111. 87 1111111 811. 11. 2, 88
10,87. 21, 01. 811. 1. 18, 87. 18111111 Ρ. 170. 870 1111 iter 011. 87,17. 811. 1.
Ρ. 870. abstineto 01. 11121110 trinu
1811111 01. itin. 41 abstinuit 8.11. 8, 202. Ρ. 111 1111111111 Ρ. 280
188111 811. 11. 1, 80 1811111111 811. 1. 18, 81 1111111 8.11.2,111
181 0111. 1, 7. 811. 1. 7, 881 abstulerit 8.1.1, 182 Annius Epi. ii. l, 80
11. 2, 208 abstulit 0111. 10, 20. Ep. 8, 11111111 8. 11. 2, 0
181811 8. 11. 1, 88 00 1111111111 E i. i. 18, 28
181110111111 Epi. ii. 2, 111 18111111 01. 11. 11, 28 1111111111 . 282
1811111 8. 1. 8, 181 absumtis Epi. 1. 18,27 11111111 8. 1. 0, 20
abigat E Ι. 1. 18, 10 abunde 8. 1. 2, 80. 811. 1. 1,11118110111.12,18
sbipunt 111 111. 21, 10 10 annus-rit 8. i. 0, 8
1811 8.1.1, 108 abundes 8. 11. 8, 80 1111 01 1. 2, 80;11. 0, 22. 11,
18111111811,1.18.7 11 sur sieut Epi. i. 10, 82 18. 81111. 12, 0. 118.
18111 81. 11, 20. 8.1. 0, 11. 1111111111 8.1.1,110.8,21. 8. 1. 1,88. 1, 10, 08. 10,18’,
81111. 2. 218 11.1.18,11 11.1,1.8,18. 11.11.1,1118.
abirem 811. 1. 0,7 81111111111111 811. 11. 2, 18 2, 20. Ρ. 121
1811 8. 1. 8, 11; 11. 8, 80 11111111 8118, 111181 81. 7 , 17
18111 01. 111. 1121 1111111 8. 11. 8. 72 uuerbe 1118111111 8. 110, 10
1811111 8. 11. 8, 820 accedat 8. 11. 0, 0 111181 Epi. i. 18. tin
1811111 01. 1. 88, 22. 11111111 8. 11. 2, 88 11118111 Epi. i. 17, 88
18111111111111111 S. ii. 2, 8 accedente Epi. ii. 2, 211 acerbus 8. 1. 8, 88. Ρ. 171
1811111 8. 11. 8, 82 annectere S. 11. 1110 acernam 11111111 8. 11. 8. 10

1

 

