080 ’ INDEX.

1111110111 B .10,10 odor· 01. iii. 18,8 mih· 01. 111. Β, 10, 11.1,
1111111118 11121 1111111 01. 11. 1117. 8.118, 10 “
1111111 01 11. 18, 88, 11. 0, 00. 811. 1. w 11111111111111 .. ‚¹
16. 1111111111 11111181.11.1,800 11118.1.1,71. 0,118, 111, ,
mmm pom 11(1).ςιο,ἥ1ἱ8ὀ u 11ἔι11811 1. 1. 8, 8. Ep. 17, ζ1.ιῗ,11817ἰ57,ἰῗ1.1811ὲ15. “
· · 1 · 1 1 1 · 1
11111111 01. 11 18,8 111111 xp. 121 11111111 8. 116, 01
111111111 0111. 12,10, 11.11,1111 11111111 8.10, 100 Olympi· 8111. 1. 1, 00
81 011 ’ 8.112, 188 Olympium 01.1.1,8
11111111 01.111 818 011111 8. 11. 8, 08 011111 01111108
11111111011112101. 8. 11. 01111111 8.112, 118 Olympum 0111188
2, 9⁶. 811. 1. 0, 82. 80,18.01111118.118,8 111111 paim 811. 1.18,81
Ρ. 117 offam P. 101 1111118.11.0,10
1111118110 1011111811.1.8,0. m 1111101.111.87,1
11111111 810, 08. 8.1.1,111“ω1118.18,78,112,00 11110101111111
1811. 0, 00 offendere 8.11.8,18 111111 01. 11111, 01
11111111 8. 10, 01 offenderet m) ominibus 01.11.0, 18
1111111 811. 1. 1,oe 1011111 8. 11. 0, 00 omisit 8 1. 1. 118
occurrunt 111 0,11 11111111 8. 11. l. 70 11111111 111. 1. 0, 80. 0. 80.
011111 01. 1. 1122. 80, 88, 11. 10111111 P. 870 11111111 8. 11. 0, 80. 811. ι. 0,
0,10 1011111111 11218 18
011111101.11.11,18. 8111111111 811110. 8.11111111111111 Ι
1111 07 = 1111111 01111. 81111. 8111.
11111 01. 1. 8, 18, 11. 16, 2111011111 811112. 1111. 17, 11170

81118 88 omne 01. 12, 7, 111. 1, 18, 8, ’

11111 011111 11, 18. 8.11111 8 1.1. 2.oe 61188. 0,0. 1181. 17,1.
1. 0, 0, 11181, 117. 8111111111 811. 1108 1110. 211, 11. 1, 19. Bp-
11 111η111 ι1111ῌ1111

111111118.118,881 1111118111110. 11111, 81121811.

11111111 11111117 17,112,21,68 1111111 8,110. 8. 11. 8.

01111111 11 10, 82 1111111 Ed).

1111118.11.0,10 11811111 1.1.1,8 1oe

11111111 0111188 officio 8.11. 21 orum 01. 1. 8,1. 18, ὃ. 88,

11111111· 11111111 8.11.8,800 officiosa 1111111111 811. 1.7,0 10. 8117, 11. 8, 20. 0,18. 1

1111 8111120 181111118.11.0,18 110, 11. 121. Bp. 8, 8. 0.

1111111118.118,118 1811818010,οθ 07. 11,8. 8.1. 1, 81. 281.

11111118.10,70 11011111 811. 1. 17, 81. 18, 8,08, 111.

1111110118.118,110 86,11.1,001. 1.111,111,11101.1.1,1.11,1.

11111 811110 811 2,1. 81188. am. ‚

111111 111118.88,11,11111118.10,12,110,οὅ 22,11.8,07. 8881
21, 82181. 2, 01. 1801111111 811180, 11181 1111011180. 18,8,11.
111, 1911111111 11111311 11,· 1111111111ὲῖ
180 11111 8. 112, 18 811. 1 1,70

oculo 011 11. 8, 88. 8. 1. 8, olentem 81118 1111111111 01. 11. 11, 0, 111. 1,
111110· 811183181111111 11· 1· 1111111111·

...1. 1111111, 111, 11. 11.. s. 111, 111. 1111. 111 mim ,111111 ’
8.1.0,110,11.0,80. 11111. 1111 8. 1. 8, 21. 811.1.18,11111101.11,20,11817,
18,17,11.1,1811 10 111110. 810, iuml.

1111111 811. 1. 2, 88 oleum 8. 11. 8, 821. 7, 81 Ep. 10, 86. 8.1.8.188.1,

11111 01. 1111, 07. 8. 1. 1111111 11111181 0,111,88. 2811. 8.18,
88 111101.1.11,1;1.11,11; 01. 811.1.1,11.7,7.10,

1111101.1.1,1;11.11,11 111.11,0,11.1,0 811. 1811. 1128, 11.1,1Ε

11111118.1.1,80. 811118, 11111. sii ,11111111 mamma,

0.
11. 1111, 11 1111. 111, 1111111, 11

111 01. 1181, 111. Ι, 1. 10, 1, 17, 01, 00. 8,1, 111811111101111 81. 10, 10

22. P. 188 2, 78. 8, 20, 00, 208. 0, n. 1111111 11,)1. 1. 18,10

1111111 01. iii. 2181 0, 70. 11 .1.1,78. 8.18. 111111 8.10, 1⁰⁶
11118.1.7,0.8 .1.8,01.11, 07. 10, 2,111110,107,11111101.111.11,10
11111108. ,0 11188880 1111181111170
1111118111ὓ 1111111811.1.18,80 1111 01. 1. 0, 2. 8.119.
1111181180. 811.10),8111118.2,00 1121, 111108. 811118,
1111811128. 811. 1172. oliva· .181,10. 8110, 1818,12.17.ὓ

7,20. 1121. 1881, 11. 1, 10. 1111100. 811.1.18,11111181.8,11
88 8 1111118.11,17

111111 11111111 1111111 01. 1. 7,7 11111111 8.118,77
1111111118. 8111,οΙ 1111111101.1110,7 11111118 .1.7,18
11111111 ,0,10 111118.1.6,188,11.1,00,11μ 01.ι1.12,17
1111111 0 ,11. 11, 10 01 epm 115161. 16, 0
11111111 01. 111. 20, 11 1111111011.1.8,8 optem .1ι.10,10
odernam 8. 11. 7, 00 11111 8. 11. 1, 71 11111 01. 111. 1, 01

 

mas 111, . 111111. 1. ¹

