1

INDEX. . 478

ι1ὲ115181111 01. 115, 10, 1118, ,1111180ὼίῃὼ mmm 21111111(1111110111.11111.6
ndulterum 11118, 87 1111111101.11.8,8 1111101117111110111118
adunco S. 1. 8,8 oeqmpoenns 811118 tentamina 11,). 8, 18
advoceris 01. 11. 11, 18 equata 11111. 11. 1,15 mnu 01. 1. 17, 18. S.1.l, 88.
adurgens 01. 1. 87, 17 Ἳιε 01.1.18,7, 11.17,7, 1111110. 111. 1. 1, 8. 8, 5, 11.
111111 111114 ,18, 17. 11,)1. 1. 1,15, 18 147
ι1111101.1.17,18 Ἕκα 8.11.8,47. 11,)1.1.1,811111101.111.10,8 .
1111111188.1.1,07.5,08 ,08 ι11101.1.11,8.85,85,118,
adusto 8. 11. 8, 00 oequi S. 1. 8, 08 15. 4,18. 5, 14 , 1111148, 11.
1111111118.11.8,88 equis 8. 118, 184. Ρ.180 0,10.15,4.11,1.18,1,0. 8.1.
1111111 01.1.18,5 equo 011118. 18, 18 4,110. 181. 0, 841 11. 1 88.
Rani 01111118 [equo 1111111 8.1.8, 8.-111111110 115. 11 Ι. 1. 1, 4. 8. 14. 58.
Εὲἓυω 01.11.18,11,·11.8, 1111Ψ’141111914οῃ1110*Ιιιῑ ὲῗὸΙξι Ξ8,11ἓέ 111411,
11. 111. 1111 1.Ρ11“1’.-’1111.“.’“111. 11511111.. 1111111118
edem 01. 1. 88, 4, 1117, 81. 10.-,11111 8.1. 8, 81. 111. 1. 1111111 Ρ. 158
1111111014 1, 10. 18, 10 aeternae Od. 1115, 11
111111 01. 111. 8, 8. 1111. 1. 7, 80 oeqnor 01.1. 7, 81. 14, 0. 81, memet 01. 11.,14,8
11111811 S. 11.7.11 14, 1111184, 11. 15, 8. Bpl. veternis 0111. 11, 11
1115111111 8111178 1. 1, 10 telamon 01. 11. 1, 15 .
1111111111111111 11111101117. 1118, 111. ueternum od. ii. 8, 17, 11115,
edificas 8. 118, 808 l, 88. 11, 41, 11. 8, 10. 11,). 5, 1111, 7. 1118111141
edificat 11111. 1,180. lom. 8. 11. 1, 48. 1111115, 10111131111111 01. 11.10,1
11111115.11.1,1811 18 etheria 11110
1111111111 81111. Ι, 188 equore 01. 1. 1, 11. 0, 10. Ep. 818111 s 01. 1118, 14
AEgaeo 01111111 0, 11. 8. 118, 185 11111111 ρ.17, 88
11111181011111088 oequoribuu 011114, 84. 8,81 11111111 0111114, 78. Ρ.488
AEgaeum Epl. 1. 11, 18 equoris Od. i. 85, 0, 111. 17, 1110111 11111141
111 1111111181 18 Ι 8110111115. S. 11. 8, 071
..31118011211111 1111, 11 ² 1111111111 11111’,11111111111111111111111111 11.
oegri Ρ.7 . 1111111101.1.Ι1,57, 111.18,4. 1,5.0.18.10,17.1111.111,
aegrimonia Ep. 17, 78 10, 88. 0. 8. 85. 8.11. 1, 70. 01. Ρ. 178
agrimonia [1111118 11111. 1. 1115. 11,80 11111118.1.8,101.8,04. 811.
egris 1111. 1. 15. 7 aern od. 1. 18, 8, 11. 8, 1. 8.1. 1. 8, 8. 18, 07. 1118, 11. 1,
agro 1111114, 111114 8. 75. 18111117. 118, 11.. 150. Ρ.848
1101811118 1,140. .845 11ι11111101.111.5,18.11,88,
aegrotares. ii.8,807. 1111111111 011181. 111111 11. 14, 8. 11887, 118. 8. 1.
7,4 mu 01111. 1, 80 10, 88. 11111148
aegrotet 8. 1. 0, 80. B 118, 6 temus 01111. 18, 11 Afer 01111141
egroto 111111, 78. 1, 48 11111 01. 111. 88,1. 11,). 18, 84. :Satan Od. 1. 7, 14
’111111181114811011111 81118, 11. 8, 11, 110 1111111 ,0,88
18, 8, 111, 181 Epi. 11. 1, 11, 188. Ρ.11,11111111811.1,71
AEli 01. 111. 17, 1 88 afferet 01. 11. 14,4
AEmilium Ρ. 81 tiit· 01. 11. 7, 14. 1111. 11. 1, affert S. 110, 180
11111111Ερ.10,8.11,>1.1.10,18. 114 181180 S· 11· 8148
Ρ. 188 eren 11 . 18, 88 affigit 8. 11. 1, 70
1111111111τί011111 neria 1.1.18,5 1111111011ρ1.11.1,111
11111111 01.11.1,18 111118. 1. 8, 88, 11. 8, 11. 1111. affixa 01111. 5,10
emulus 01. 111 18, 14 1147. 11,80, 111, 08. Ρ. affixit 8.1.1,81
111111 01. 1. 85, 10 164 afflasset 8118, 05
11111111 8. 11. 8, 88 erugo S. 1. 4, 181. Ρ. 888 1111111111 01. 11. 11 , 10
1111111111 01. 118, 18 1111111111,11.11.1,17 1811111118
1111111111 01117, 15. (1.0,42 m 01. 1. 8, 0. 8. 1. 8, 18, 11. 18111111 01.11.5,7
1111011. 1111, 111111, 100 nso.. s.i.1‚1ol
11111111 AEsehylus Epl. 11. 1, 188. Ρ. Afra 11111. 58. S. 11188
..aneo 01111. 0, 18 170 Arrun 11 11. 11. 1, 57
:Saeua 01. iii. 8, (15. s. ii. 3, maculetis Od. 11114 1111111 01. 1118, 8. 11. 8, 18.
188. 11111. 1, 80 esculo 01. 111. 10, 17 8. 11. 8, 87
11111 111111.. 11
81111111 01. 11. 1110 ntus 0111110 Africis 011111. 10, 57
AEoliis 11111111 Od. 11. 18, 14 1111111111 01. 1.17,8 Africo Od. 1.14,5
11111111 01111111 1111111118.11.4,11 Africum 011.1.1,18.8,11; 111
AEolium Od. 11180, 18 animat 111111. 1¹, 11, 48 115
8111081116, 81, 111. 1,14. 1111111 011. 111, 18 Africus Ep. 18, 11
Epl. 11. lm. P. 10 estivam Ε,11.1.5,11 Afris od. ii. 111. S. 11. 8, 08
aequ11e 8110 attunt 01. 11. 0, 4. Epi. 1. 1, Afro 01. 11. 18, 85, 1118, 47.
Ἥκω ΟΦ ἰ. S, Β· ΕΡ. η’ 11111111 011 11 5 7 agam? (1111111 81'91'1151131p158'83j
11111111 011. 111. 11, 10 astuosa 8111154 Α,11111111ω1101.11,0,11

 

