808 INDEX.

10111 01111118 formido 8. i. 8,4 111010 (ruti. 7, 11. 811111
1010 10101110 P. 808 10101110,00·1.8011.10,48 110. mal

foedom 8111181 101011010110 E -8,88 111011101.11.14,18. Mt)
101101 11110100οΕ 11188 101011010101 1. 11. 17, 18 1110108 11. 1180 ’
1010011101 aaa, 1010111 8.11.8.80 1110101 0. Ιο,8

1011010 8 8, 4. 8. 1. 8, 1810110011 0110010111 1110111 01. 1118, 7. 8115

8011. ,8111481 1010101018.1.8,15.8,81 11001100 01. i. 8, 10 3 fita,
foeaom 8. i. 181 10110011 8. 11. 118 88
10111οΙ 01111814 1010100 S-i. 8, 80, 81 111 1101. 01110 8. 111,
ratim 0,118 foraix 1101114, 81 ii
101111 01. 1. 88,8; 110, 8,· 111. 1010 8.1. 0, 48. 4, ro, 11. 187. fragilia 8. i. 8, 80

17, 0; ir. 8, 7. 8. i. 8.81; Epi. i. 148 frangat ί0011. 1110

16101114. 1101110, 80. Ρ. 10111 01. iit), libzi, 81. 8111070 t ,18118 8118,

, ·,ii. ,80. , 0
1011111111 8. 1. 4, 10 101110 01. ii. 10, 81 frangatur 8.1.8. 188
1000010110.11,17.8.1.1,88.10111181140 fron 01.1.01,10;111.11, 3

Epi. 18, 88. 180 10111110 110117. 8. 1. 8, 80. 4.Ρ. 478
1011101.111.18,1. 8. 11. 0, 8. 108. 1101111101. P. 10 frangit 110.10,8

00111010 1118. Ρ.8001011111118.14,181; 11110 frater 01. 1. 87, 11. Barata
10010 01. ιιι 0, 10. 8.1.8,88.1011011101 11117,ϊὶ 801118111ῶο 11181.

Ρ. 88 1011101100 ,10118010 Ρ. 818
80010101 8. 1. 8, 88 1881118184.1101111101001011 01. i. 81, 18
100100 01. 11. 10, 10 0,1.10,48;11.8,878.8,88.111101011 1107, ts
100101 80. 8, 87. 8.11. 101 11011. hm 1010011801.118,8. mu i
1001180101.1.88,8; 1018110110· 8.11. 118. 8,118. 8, fraterno 8. 11. 8, 10

11011. 1⁵,8 81108. 11011011 11010100ιο 110111, 85
1011110010 8. 1. l, 80 101101 01. 1. 7, 8ος ii. 18, 17; fratre 8. 1. 10, 05. 0011. 111
100018011110 ir. 180. 0, 88. 8. 1. 7,11; fratrem 8011117
fortium 01. 11118, 185 ir. 14, ii. 8, 188. 1101. 11. 1, 180 1111101 01. 1. 8, 2, ii. 1,ος iii.

48 1011180114. 8. 1. mut, ii. 181 ¹
foramina Ρ. 808 18111. 181. 181 fratrom 01. 1. 88, 81. S. ii. 8.
forat Epi. 1.7,81. 8, 88 1011118.118,180 tta. 1101.1.18,41; 118,Ιῦ
11111001. Oti. ii. 18, 7. 110. tuniba· 01. iv. 180 fraudatio S. i. 0, 184 ,

18, 10. 8.1.1,81;11.8,10.101110101111180 11101001.1.8,88; 11. 11181. Τ

Ro Ι 101111 01. 1. 0, 1. 87, 8ος 11. C. 8.4Ι . 0
1010,011000,01.1.1.01 1088· 111. 8, 88; 1114811101οο 01. 1. 88, 81. 80111. .
101000018818 188. 1101188. 8.1.8,88; l, 188 1
1010011111 1.1.7,8 11. 8, 07. 0, 111. 7, 80. 1101.1.1ηο10101.111.87,87
Forenti 010114, 10 uto, ii. l, 80, 841 1100111101 801. i. 10, fl
foraa 01. ιιι. 10, 8. 118 1011111101 8.1. Ι, 100 frantia 01. av. 0, 87
10101 01. 111.4,18; 11. 8, 88. fortiter 01114, 8. 011141 11101οΙ0110 01. 111. 8, 84

110. 18, 88. 8. 1. 8, 88. 4, 4. Epi. i. 18, 87 fraxino· 01. 111. 88, 18

8, 80, 00. 0, 100. 8, 80. 10, fortium 01. 1018 fregerit 80. 8, 8. 8.1. 8, raa

⁰⁸3 11111. 6, 8. 1101. 11. l, fortiaa 8. i. 10, 18. Epi. i. 14, fregi 01. 11. 7,7

101. 8, 80. Ρ. 880 4 fragino 01. 11. 118
10111101 01111. 80, 8. 8.11. 8, fortuitam 01. 11. 18, 17 frementem 01. ir. 14, 88

888. W) fortuna 01. 1. 7, 88. 81, 10. frumentarii ,0.17
10111 8.1. 11801 ii. 8, 10 84, 18. 87, 113 1118, 08. 80, 1101111100 111. 87, 88
10101 01. 114, 0. 1101188. 1111111. 1187. E ,11100101101110

1101. 11114 8. 8.1. 0, 45, ii. 11 .7,11οιιι10 Epi. i. 18, 18
formabat 814, 181 88. 8, 01. 801. 1111. 11, 110011 01. 1. 8, 7. 8. 1. 1, at,
10100 110. 1118. 8. ii. 7, 88. 80; 11. 104, 101. P. aul ii. 7, 74. Epi. i. 8, 08

Ρ.0 101100110111. 1, ’8. 8. 11. 8, frenum E 11. 10, 88, 88
formam 1101110. (i, 87 40. 11 11. 118181. 110511000οι11 01. 1. 88, 18; 1117,
formando Od. 1118184 111818 uo, iii. 184
formare Ρ. 180. fortunam 01. 111.-87, 78. 8.11. 1100000101 8118, 880. 11881
10101101.1.88,11. 8. 11. 8, 7, 88. 8,88. 1101. 1.8,17. Ρ. frequentia S. 11188

108 187 irata 01. 1. 8, 18. 18,1. apti.
1010111101.1.10,8 fortunarum Ρ. 100 8,4
format 1101111, 188. P. 108 1011001100 apt. i. 11, 14 110111 01. 1. 88, 18; 11. 7, lo
formet P. 807 fortonati 8.1.1,4 freto 80. 0,8
Formiani 01. i. 80, 11 fortunatius Ρ. 808 friati 0100111 Ρ. 840
Formiarum 00101101.11117,8 fortunatum 8 118, tu 1110111 8 ,18,18. 8.11. 8, 808.
10110101 8.1.1,88 fortunaverit 111188 Epi. 1188. 18,0
formidare 8.11,77. 1101118, fortunia P. 118 frigidaa 01111118

08 10100 01. ir. 8, 48. 80. 8, 7. frigidior 801. 1. 10, 18
10101111 Ρ. 884 8. 1. 8, 8. 0, 114. 1101. 1. 0, frigido ou. i. 1, 88
formicinum 1101111810 80, 80. 18, 87. 1118 1110110001111188
101011110101.111.11,18 10110 8. 11. 8, 80 11101101 8111180. ms ’
1011011018.11.7,08 fossam 8. 1. 188 frigora Od. ir. 7, 0. 8. 11145
1010111008117, 77. 1101.1.1οι110101.111.18,18 1 “ 0108.1.1,80; 11. 1, 88.

0, 4. 10, 881 111184. 8807 foveam 1101118, 80. Ρ. 480 01. 1. 17, 81. 111105

 

