INDEX. 599

geret 0911157 9111111111 8. i. 5, 9. 19, 9111111111 091999. 8111149
geri P. 189 1111. 11. 1, 98 gravior Ρ. 915
erin 09. 111. 9, 5. 919 Grecos 8. 1. 10, 91 graviore od. 1119,10
111111110911195. Ερ.(11111118.1.7,99;11.9,190 8111111 0911917. 111119.
19,7 (1111111 .19, 19 19,5. 8.1.1,4;11.1,89.
1111111181.19,45 Graiu 9111998 1119. 1111111111111.
gerulis 1111. 11. 9, 79 Graiis 09.11.4,19. 11 1111, 18,9; 11. 1, 89
Geryonem 00111114,8 111,ωῇ 2142· pta ’ “fuitne 8111101541 Eplo ii·
gesserit 09. 1. 9,4 01111111109.11.8,4 159. Ρ.999
geni 8.11.5, 19 sumina Od.iv. 1, 99. 7,1 gravius 8Ι 1. 9, 59. 9, 91
gula re 111118, 119, 97 31111111 09. 11. 9, 9; 111. 7, 11131091919,11119999,
311111 111 Ρ. 79 99, 11. 19, 9. Ep. 9, 94. Ρ. 91. 111119, 97. 8.1.9,119.
gestant (19. 1. 95, 19 lm ΕρΙ. i. 4, 19
gesture S. 11. 9, 914 3111111110911199 [113111 E . 19, 54
31111111 1.19,7;111,951 31111119111111.1.19,49 1111110.11.19,99;1111,5.
geum 01. 1. 8, 19. 8. 1. 9, 89 gramatici P. 18 9811919
gestient 09.111. 9, 54 gnoma S. 1. 1, 59 greg: 09. 1. 91, 18
Ι9111111 S. 14, 97 grando 01111. 1,11. 17,4; 111. gregi· Od. iii. 19, 8. 111119,
gestio 09111. 19, 94 99, 7. 8. 11. 1, 19. 9, 99 19
5119109111915. 111111111911811995. Ρ.89 grex Ep. 19, 59. 8.119,44.
2⁰,5 grandi 11111111. 8.1. 4,50; 811119,Ῑο
gestit 9111. 1, 77; 11. 1, 175. 119, 145 Grospho 0911. 19,7
Ρ. 159 grandin 0111. 9, 0. 311111. 9, Grospho Ε 11 19, 99
(1111109.111.91,11; 11. 15, 98179. Ρ.97 01111511 pm. 1999
92 ς111911109.111.1,99 gruem 11119, 95
31311111 09.111.1,7 grandini· 011.1.9,9 grui· 8. 11. 8, 87
11111911111ῃ 19111111Ε1”1’7’4” 111112111819·“’“
Rc 1 o Ι 1 1 2 ι ι 3
ξ11111109.111.19,7 granum 8.11.9,119 gurges 01111199
gladiatorum 11 8.11. 9, 85 gnum 8. 11. 5, 99 gustaremus 8. 11. 8, 91
gladio 8.11. ,979 [1111 0111. 4,1. 15,14. 1911111111 8. 11. 5, 89
3111191111311. 8. 11. 4, 49 91, 5. 99, 14. 99,14; 11111, gustet 8. 11. 5, 14
’1191111100 15111111 111111, 11 19111111..
glebas 09. 111. 9, 99. 9111. 14, 17, 9. 99, 9. Ρ. 999 011111 8. 1. 9, 118
99 [1111091119919111991 1111099115
glebis Ep. 19, 57 grumum od. iv. 19,99 011110911990. 11149111.
3111111 11111 Ε 11. 19,14 gnus Ρ. 974 4, 90
gloria 09. 1. 111, 15, 111. 99, 9, grute 11 1. 11. 9, 919 gyro 8. 11. 9, 99
81999, 119179. 1111131191 9. 111. 19.16; 11· 715·
18,99;111,177 8.1.9,88. 11111. 11994,
11111191 11 .11, 99 10. 9, 49. 11141. Ρ. 99, 494 11.
{lignem 01. 1. 19, 5. 99, 9. emim Od. 1. 4, 9. 99, 9; 111.
9, 91 111. 11198. 99,9 9199
(11511111 911. 1. 1, 99 11191111 11111 1101, 94 1119111119 8. 11. «189
namn 8. 1. 9, 919 1111111 0111. 5, . 8. 11. 9, 94. 5151111 8. 1. 9, 85
111111,ὶ S. 11. 9, 915 11111. 1. 10,15 515111 8. 1. 1, 99, 09
11118. 111491 11. 9,991 1119111111 11111199 515111 8. 1. 4, 71. 9, 91. Epi.
,11111 1111, 111. 111 1111101111)ιῖ ' 111111, 1111111111113111
guno S. 11. 9, 999 1111. 11. 9, 48, 198 habebnt 8. 1. 9, 9,11. 7, 4
gnatus 8. 11. 5, 91 guium 09. 1. 95,1; 111. 9, 17. babebit 01111911, 4
81111918111194 111199. 8.11.9,19 habebitur 09.111.5,9. 8.11.
[11111111111890 [1111109.19,99.19,99.19, 9,999
111119111990 90, 1119,1. 8.11.9,119.5ι515191.1.9,49 .
0119111911 0111. 90,1 9111111919 51515111 91119111. MR
(1119111 09. 11. 5, 99 grmt 111111. 1, 994 habemus 8. 11.8,17
Gnidon 01119, 19 grauun 09. iv. 11, 97 5151111 E 1. 1. 1119
(1111111 09.1.15,17 grave 09. i. 9, 5; 111. 99, 8; hubone 1111915
1111111111 1111111989 ’ 1111991114. 8.118,4.515119111111111111185
gnoili 8. 1. 5, 99 1111. 11. 1, 158. Ρ.99 515111 09. i. 98, 9
gneius 09. 1. 5,1 gruem 09. 1. 9, 5. 18, 5; 115, habentem 11111111
gradu 09. 1. 95, 9, 8.1. 1140 9. 8.1. 1, Ἦ, 11. 4, 99. Ρ. 5151111 8.11. 1, 9
1191111 09. 1. 9, 17, 99 949 1111181191 119191
111111 09. 1. 911, 9. 8119411111 09. 1. 9,99. 17. 1111115111 8.11. 9,41. 511111. 1,
99. momen 103 ii. 1, 9, 1119991111. 1989189
cari 8.1.9,11 9, 8, 99. 111111, 99. 8.19, 11151111 8. 1. 9, 45
’111111 0111. 15, 9; 11. 5, 95. 119; 11. 8, 54 haberet 11111111, 11. 1, 91
..1111111 111 111111
. 11111 ’ “ ¹³ ' 11111131. 11⁰¹ ’ 11 9411 ’ ’ ,’
111111 01111194, 57. Ρ. 59 gruibus 09. 1115, 4. Ρ. 14 111511 09. 1. 97, 17; 1119, 18.

 

