880 INDEX.

1111110 0118110. 8.1.0, 11.14, 18. 81118188. 811110. 8. 1. 18, 141.
80111.8,80,121,187,168. 808 · 110. 81111111118.
8 11128. 180 1111111111 8.18,108 11281,

1111 18111. 111186 1111010118,17111121811111111011.81811110,

1111111118.11,62.8111.1.11 1111271 1110181111. 1811111111421110,
61112187 1217. num 48. 8.8, 74. 8.1.1,18.

1118118488 mortua 811187 108. ‚821⁰.ffl; 11111.

mordacem 8 11. 17, 18 1111111181.17,70 8. 0, 208. 188, 104. 7, 7.

1111101111 ol. 1. 18. 4 111111111111111 P. 817 Bp& i. 2, 21. fi. 48. 7, 02. 8,

1111011100.11.0,0 111100.11.110.8,Ὴ. . 8. 7111.1,80,67,218.2, ³

110101181100 7,11. 81180. 4, 08. , 10,102.Ρ.70,1Θ,178,188,
mordear Epl. i. 1188 60. 0, 11 11170 418
1111101118.116,48 111111111111118111.18,0 1111111181101. 8111.
mordeor Od. 11. 8, 16 moll 1111 11111 8. 1. 0, 80 142. 16, 42
mordet 00. 1. 818 11111110111.1,1. Ρ.214 1111111118111.11.2,81
mordicus 8. 1. 8, 27 moiun 8111. ii. 2, 80 multi 00. i. 80, 181 111. 0, 71
mure 01110, 41 11. 11, 2111111111 01121, 161 iii. 6, 21. 11. 0, 26. 814, 78
11.2,28.1120.8.18,100. 27,22;11.18,18. Ρ.111 1111111 00. 1. 24, 01 11117.
11801 11. 8, 280. Epi. 17, move 11111 8 . 116 11, 88. 17, 10. 8. 118, 84
14.18,021112,182 111111101111211 . 8111.1.1,80.-0,60;11.2,
morem 00. 127, 8. 81121 11. 1111111 8.1. 10, 781 111120. 8484
128. 811117111108. 81111110 11111011118. 8181
8111111148 1111811011218 1181111127. 8.1.1
morer 8. i. 1, 14. 8111. 1. 7, 11111101 811118 280. 118· 118, 87
11; 1111 noverum 1111. 1111 1111181111. 11 r. s. 1.
111111111801110111128 1111111111 00. 111. 4, 08. 8.11 11421801281118,
1111101111171 11122. 100 7102180. 81111180,
188. (18.48. 81107111111111110111118 81
11128. 81111188.12011111118111176. 81124. 1111111 8. 1. 0, 72. 81111.
19,18; 11. 1, 219. Ρ. 142, 81.1.10,20;11.2,118. Ρ. 1,70.2,10. P· 142
186 88 mullus 011128. 81110
1111111101188,4 1111111181120 mullum 0112181 111. 27,
mori 01111. 2, 18, 21. 0, 1111111111 01111210. 8282 47. 81118, 111101. S.
18. 1118. 112. 21881 11. moverit P. 472 1. 8,87 . 1181111141820.
128 11111100.1.1110;11.1,2 8. 67, 02. 81111110,
moriar 00. iii. 810. 81111181110111111120. 8. 82118111. ,62 mil.
1170 .. 1188111178. 811116, 241887
1111101101111.1,12. 2188. 00 811111118.11.7.80
8111. 1. 18, 441 ii. 12 novetur 8111111128. m 1111111 81111181
moriemur 8. 11. 8, 84 morit 0111. 4, 4, 81 11111, 2. 1111111111 8111. 1. 8, 81
111111118111170. 81111. 811118 111101811128. 811118,
1110 11110111, 11120111, 7
111τὶ1111· Epi. i. 17, 81 101 1110, 47. 27, 001 11. 4, mundu- 1111111 0111121114
mouit 1118111118 141.ἒ,11ἑ111ἰ141. ῗ211.187,1226. 11111101 (ἐιῑ.ἰ 1821181ος 111. 24,
monum 1111 1· 11111· 1111
morituro 00. 1. 2116 11701 il. 1, 1211101. 188, mundior 811112
111111011117,6;11127,80. 161. 8101181221 munditia 8111111188
81111. 11161 ii. 1264 Munius 81111180 munditiis 01118
11111111111111 0110, 18 mugiat 00. ill. 20, 87 mundo 01111188
murorum 1111100 mugientium 811118 muudum 0111118
uun 00. 1. 1181 11. 11201 mugire 8111. 11. l. 202 mundun 8. 11. 2, 68. 811114,
111. 2, 14. 27, 87. 8. 1. 1, 8. nu 1111111111 01111184 11. md
118111181184. 8111.11118.18,18 1111111011.18,7.Ὲ,4;11
11170 muln 8.1. 1 18, 22 1, 881 111. 1118. 11181 11.
11111181111188 1111111 01111. 1124 1126. 811122. uiuo.
11111111 eorpus 011. 8181111111 11 1111212 8. 81111181111246
1112118 mulum p. 16, 40 1111111100.1114,10;11.2.
1111111118.116,88 1111181147 · 20. 8111118. 1141118.
1111111111 01111147. 8. 1. 6, muliebrem Ep. 10, 80 78. 111881 11. 1207
871 11. 6, 04 muliebriter 01 i. 87, 22 muneretur 811121
1111111111 P. ffl . mulier 01 187, 821 111. 8, 20. muneri 01 11.8. 12
1111111811 011181810, 118. 118. 2118. 81111111111111101111.1118111.
fil) 8012124. 8. i. 2, 801 ι,18.0,11.10,1.11,2.ε.
· 1111111101.111.19,11. Ep. 1117016100. Ρ.4 1118187
1112. 8111111188 mulierculam 8111128 nuperis 00. 11. 8, 21
111111Ιί111 prim 11111 Ep. 2, 1111118111.112,72 . munerum 011114
1111111111011111118.112,84 111111 011112. SM, 07,
11111101.1.17,11;1111111111111111111111 81. 81111181
111112. 8.12,8 1111111111 811128 1111111111111.11,18
1111111101111. 8, 861 11. 8, mulla, ' .011.8,1. 2127111111111111 01111111
18. 8.1. 2, 42 iii. 28, 4. 80, 61 1111281 munifico 81181
morti 01128, 181 111141 100. 8, 88. 118. 1111.1,11111118.1.1,101

11
,8.

 

