INDEX. 606

6110601106. 1. 17, 161-01110- 6011 Ρ. 110 6110 06. 11. 64
1101 611. 160 fingent 0611. 1, 12 611001 06. 1. 2, 11. 6,6
6601101 06 114, 161 11. 4,1. fingentur Ρ.6 61101 06116, 16
6116102 60 10 61 4, 64. 61.116,611111106.11.2,21
660101 Ρ. 660 1116267. Ρ. ,662 6011111101 061166
66011 06. 1112, 25 fingeris P. 167 60611101 06121, 10
66011001 0611, 271 11. 6, 16, fingi Ρ. 661 flebilis 06. 121, 0. Ρ. 121
10. Ρ. 161 111111 61111661 6011111111 06.11.12,5
1160111 6111, 147. 11111. 112, fingitur 06111622 nebi· 06. 1. 25, 16
1 61110 0616612 601111 0616 6. 611. 646
66011101 6111. 1. 16, 70 6111101 06. 1. 66 60110 611616
fidem 06. 1. 6, 6. 6111. 1. 6661 60111 6. 11. 4, 26 6001010 06. 111. 7, 25 ; 11. 1,0
112, 16.Ῥ. 62 60110061. 7,17; 111.1,60.60011Ρ.166
660111, 0101016111, 06. 1. 24, 14 6. 1. 1, 011 11. 6, 211 600111 061110, 17
6160011611111,6 6111016111.11.2,146 6011161161. 606. Ρ. 101
116001 06. 111. 4, 60 6011 061 64, 11; 11. 11 , 12. 600111 6111. 1. 17, 66
6600111061.1.16,61 0111610. S. 1. 1, 02. 6, 6010 611660. Ρ. 102
66001010.111.1,60 104111660. 6111.111,16,60106.1117,1
6601061. 1616. 21, 7. 16, 141. Ρ.400 6011100161.6,74
21 ; 1116,ος 1111666. 21, 61111011 Ep. ¹⁶23 601010 06116, 17
¹ 1911115111 11111, 11 32111111161111110211110, 1111111 ,141116 01. 10, ³5
’ 6601 6106106 6111116104 11.10,4

ὲ fidum 01. i. 11. ιι. 610111100101101 101 0 1.1.1,ι; ii. 11

6611 1116211 111. 4, 1161101011 61616 601011 ,06
16612. 11116, 12111.61111106111.16,6 6011111 Ρ.116
1110 106110 1111111111. 111 floro· 01. i. 01 1; ii. 1,11;

ᾖ 6610011 od. 11. 1, 26. 6, 26. firmaret 06111646 1116, 2. 21. 41. 6111. 1. 6,

6111. 1. 10, 61 6101101 0611. 4,61 14; 11. 1, 70

² fidis, 0116 6111. i. 10, 44 61010 101111 611166 60101 Ep. 10, 41

idi· sodalibus 6. 111, 60. 6111. 611101 611616. 6. 11. 7, 20. 60111101 06 11. 11, 0; 111. 11,
1. 6,0 Β 1. ἰ. 11, 41 21 11. 1, 62. Epi. 11. l, 141

¹ 11611061.14,16;111.24,26.111 616162 6111.11.2,211601011110610110111112626

6111. 1. 11122 fistula 06. 1. 11, 161 111. 10, 601 06.111. 1616

Ι · . ⁶ 1 1
ἶ 11111Ε 11111411 1111111111310121111,111,11111111111101. 11, 16
: 116010616610, 6166 60,117;0.1,62.6,60. 6111. 11.14,11;11.6,26. 6112,

61111 06.11. 66 16661 11.2,14, 101. Ρ. 61. 10, 4. 6111. 11. 6, 66. Ρ.

60101 6111. 11. 2, 160. Ρ. 406 626157 60

60116.1.1,161.2,101.6,26 11001 6116, 62 60010106116211112642 “

, fies 06.111. 1616 6116167 60101111 Ep. 0, 66

1 1101 06.111. 1621. 6. 11. 64, 11111 6116 60 600111 S. i. 626,

J 76. 6111. 11. 2, 6. Ρ. 466, 6111611. 1,6 601101 s.i. 4,11

1 460 61001 g 11. 6, 264. 6111. 116, 6011 61111. 16. 14
610 06. 111. 162 61 6011110111 6. 11. 1, 260

, 0110661260 611001611616 60110111 6111161Ιο

r figura Od. 1. 2, 41 611000 6 .16, 12 600101 Ο .11.6, 11. 0, 211 11.

60111611.11.1,126 61111111 ..1,11. 612141 6661621. 61627111.
6106. 111, 10 61 1100 .111.20,11. 616, 666, 212. Ρ.16

ἱ 11011. 11, 12. 10, 1, iii 10 1001101. i. 6111, 0; 1.

16,6. 611605 611161611661 mm 11.7,1. 6111614.

’ filim od. iii. 1111 01110001.10.0,10 S. i. 100. 0111161111

1111111 6116, 61 011100101.1ν.0,10.1.11.1, 11. 6262

611011 061. 6, 14 62 flumine 061114, 17. 6.1.1,
’1 filiu. Od· 10 2, 481 ffi· 9, 14. “agno 0ᾱο fl· ¹8, 1³ ⁶⁵0 Ε 1011 ¹19⁴

. 26661 11. 6, 0. 6.1.1,81.611111110612616 60101111 116. 1. 20, 61 11120,
616. 4, 50. 6661 116122, 0111111111 011. 11. 12, 26 66

266. 6, 45. 640. 6, 60. Ρ. flagrantis 06111. 16, 0 fluminum Od. i. 12, 10

127 6111101 Ep. 6, 61 60111 0611. 12, 6

y 6111 61667 6111101 S. i. 4. 126 611111 06. 1. 21,6; 1160

610 tenui 6111. ii. 1, 216 6110111 06. 111. 10, 10 601101 6. 11. 6, 56 67

616010 06.1.1,11 v 6110111 06. 1. 16, 6. 27, 20;60011 6 11. 626

findet S. ii. 660 11. 2, 10. 4, 11. 611. 17, 66. nuxit 06 111. 0, 20. 611. 7, 10
11160101 6111. 1. 17, 40 6. 1. 6 76, 00 1000111 S. ii. 1, 256

findit Od. 11. 11, 16 61111110 0611. 11, 11 10011 6111162

1 60600161116,11 .. 61011011 06111. 616. 61161000 0 .1.0,6
111006. ι. 16,]ος 11. 16,60. 21. 6111. 0. 2, 166 100010 611616

6116107. 6111. 11. 1, 12 6110 06.11. 6, 10. Ρ.206 10001 6111. 1. 67

3 11010 061612. m. 6.11.11111011100 061110,Ιο 106100111016111.1.6,61

166. Ι11161666Ι 61101Ρ111111111106114,11 1106106111164. 61600
11101 06111162. S. 1.1,60, 611111 06164 6060116111.11.1,24
106. 62 Flavi 6. 1. 6, 72 1016010 06.111 24, 22

 

