00

INDEX.

1111111111 01111100. 811. 1. 0111111 0111101, 10 Gelono· 04. 110, 00, 111. 4,

11, 10
furenti S. 117, 00

(11111111 04110110 00
(1111111 1111111 Epo. 11. 0, 181 gelo 11111 04. 1. 0, 0

furere 04. 117, 08. 11,). 11,0. creturus 114 04. 1. 00, 10 ςοιω104.1.14,6

8. 11. 0, 41

11111 S. i. 1, 77. 8,4, 17
Porio 01110817
1111111 011111 11, 17
0111111 8. 11. 0, 141
1111111 04. i. 00, 14
1111111111 S. 1. 8, 40
1111011411 nor. 1. 10, 17
foribus Epr. 1. 6, 40
1111111 8. 118, 100

011111 flumen 011110, 10 gemelli Epi. 1.10,0
011111104.111.07,14 mollum 8.11. 0,044
01111 8.1. 0, 40 genem 04.11.10,0
griez 11111 04. 1 0, 08 gementi} 04. 11. w, 14
sulem 04.1. 10, 11 ,1111111041118
01111111111111 11 ,0,18 ,1111111111ΡΛο

,1111 1101111111 8 11, 10 1111111104.11.7,0
0111111 04. 11. 14, 40 gemino P. 147
0111111111 04. 1. 8,0 geminorum 1111. 1. 18, 41
cunici· 0111111100 geminus 04. 11100, 64

1111111011111. 8110, 111118.11.0,04.4,18 11111181110414

furiose S. ii. 0, 007
furiosior 8. 1. 0, 80
11111111 8. ii. 0, 007, 000
surio 8. 111111. 7, 00

111111 8.11.0,44 gerolt 0111 10,7
011Ιὶ1 111, 101 gonnor 0111111448. 111111.
0111111 8. 11. 0, 47 0, 180
Gallos 8. 111, 14 1111111104.11.16,7.0,1110, 18
Ganymede 0111. 4,4 genn 04.11.10,8

furit 04. 1. 1107 , 11101118. Gorgoni 1111111104.110,7 1111 04. 1. 10, 6, 11. 1, u

Ρ.470
Furius 811 1,40. 0, 41
Fumi s· 1· ιομω
sorno 8.1. 4, 07
furnos 1111111, 10

Gorgonum 111111 Ep!- ii. 1, 11111104.11.14,10
000 11111 Ep. 0, 10. 8. 1. 0,(11, 11.
0115111111 Ε Ι. i. 6, 68 0, 86
Gorgonius .1.0,07.4,00 gerent 0110010
grro 11,)1. ii. 8, 40 ,111111110111017

furor 041110, 17. 111100. 1111111 E 11. 10, 41 genero 8.1. 1,Ιο
7, 18. 11,)1. 1. 0, 00, 11. 0, [1111111. ,11. 10, 10 generi 11111. 01100

“ 1110111111
fororem 011107, 10
sorores 8. 11. 0, 000

111111 Epi. 11. 0, 77 generosa 8. 11. 4, 01

garrulo· S. 1111111, 11 generosior 01111. 1, 10. 8. 1.
0, 00. Epl. i. 18, w 0, 0

garde Ep. 14, 10. 8,,11110 generosi} 8. 1. 6, 04

[orto S. 1. 0, 100, 114, 70 gaudent Od. i. 00, 8, 1110, generosius 04.107,01
furtim 0111117. 111140. 07. 811. 0100. 1391. 104111111111 1111110, 18
8, 40, ii. moa. 01111118. 10 generum 1104. 114, 10

10, 00

111111 8. i. 4, 04, 110,107

fortir· 8. 11. 7, 110
furtim 11111. 10, 14
11111111 Epl. i. 0, 00

1114111 011. 111. 14, 0. 8. 11. 0, 11111111 111111, 87 ..
..333ss 111111. 11111,1111111111ᾖῖ δ’ '¹‘ ⁷'
,1111111111 0111, 11. 8.11.ξο111111111111181111ὼ1ι18’8

furto Od. 1. 10, 8. 11 Ι. i. 7, 80 0, 100. 1181ἰ 1. 7, 68 genitor 04. 1. 08, 7. 111111.

furlum 8. 1. 0, 04. ,111111 gundram

11111· 04. 11. 10, 01
surum formido 8.18,0
111111 04. 1. 00,4
11111111 1111111

Furens 8.1. 0, 61. 10, 80

7111118. 118, 14

11111110 01111. 6, 41
fustibus 810, 101
fortio 111111 1, 104

11.14,01. 8.1 110 .

10,40 1111111111 8. 110, 100
,1141111111 111078 · eninm 04. 111. 17, 14. 11111. 1.
1111411181. ,7081118110 7, 04, 11. 1,141
gaudeo 04. i. 0117 , 11. 8, 11. Genios Epi. 111, 187. Ρ. 010

8.14,78, 11. 0, 070. 8, 00. geor od. 1. 0, 26,- ir. 4, 00.
E 1110,οὓ 11,). 0, 0. 8111,οὃ
parret 04.1. 4, 0. 0110, 11111111 04. 110, 00. 8.11.0,087.

11111 810104. 6,00, 110, 6, 01. 18, 10. 11ξ.0,10. 8. 0,Ιο

11. 1111111. ,0. 1111113111. 04. 1. 0, 0. 0110, 11.

’ 1, 180. Ρ. 100 18,00

gaudetis Od. 111. 4, 40 genti 04. 1. 10, 11. Ep. 10,60.
gaudio 04. 1110, 08, 11. 10, 0. 8. 47

1111118.11.0,01.Ε,).7,4 01. 8.10,40,11.1104.1111101104.10,08,110,01

111111 8. i. 0, 107
futuro 8. 11. 8, 44
futorum 04. 1. 7,00

11111104.111.00,00. 811, 05, 1111111

malo. Ρ. 170, 018

E 1. 1. 17, 0, 11. 1, 180 gentio 04. i. 10, 40. 10, 00, 11.
31111111 0111. 11, 14 0,0
guiso E 1. ii. 108 gono· Ερ.10,4

8111811 genuit Od. 11110,Ιο 1391. i.
,11111 04.1116,0 10, 48

futurum 04. 1. 0,10. 1111131111 04. 1000 gerru! 04.1.0,9, 00. 0,07. 14,

1111. 11111. 111

G.

1111111 opu. i. 11, 1, rr.

00. 0,0
01111ο1 11 Ι. 1. 10. 0
Gades 0 . 11. 6, 1
Gadibus 04. 11. 0, 11

,11101111 11. 11. 1, 11, 111, 11. 14. rs. 11, 11,

111. 1, 11. 11111111 111, 11. 111 11, 1, 111,
1111411111 0410414 00. 14, 10. 011110. 0, 0.
gerru 11111111 s. i. 11. 1111111111,
gelido Ρ. 171 04. 0, 10· 11. 0, 00, 001. 0,
gelido or. 1. 111. 111 1,11.1.11.11.1.1,11;1.

11111411 04.111.10,6 1, 7, 100. 0,] . Ρ. 070

gelidum 04. 1. 1, 00, 11. 0, 00 gent 8. i. 1,1l⁰. Epi. i· 8, 10
gelidus Digentio Epl. 1. 18, gemtem 04.11.4, 18

104 gerere 8. 11. 0, 74. 1111. 1. 8,1.
Geloni 1111111 0111 0), 10 17, 00

 

